0.12 0.53 10.04
0.33 0.13 10.04
0.30 -0.49 9.94
0.20 -0.82 9.93
0.29 -0.83 10.04
-0.24 -3.01 9.39
-0.02 -5.85 7.83
0.04 -6.87 6.72
-0.06 -7.70 5.74
0.01 -8.18 5.02
-0.05 -8.69 3.92
0.01 -9.19 2.77
-0.02 -9.27 1.71
-0.06 -9.40 1.16
-0.07 9.83 2.09
-0.05 9.51 3.40
-0.15 9.06 4.44
-0.07 8.59 5.37
-0.11 8.01 6.20
0.01 7.50 6.74
0.00 6.70 7.52
0.00 6.78 7.45
0.00 5.05 8.68
0.04 6.40 7.81
0.07 4.57 9.11
0.05 3.71 9.40
0.05 -0.29 9.97
-0.23 -0.51 10.01
0.23 -1.22 9.89
-0.02 -2.16 9.70
-0.62 0.40 10.00
-1.00 0.40 10.01
-1.48 0.35 9.74
-1.65 0.37 9.83
-4.82 0.29 8.76
-4.80 0.36 8.66
-6.84 0.06 7.07
-8.19 0.19 5.55
-7.64 0.07 6.18
-6.89 0.17 7.10
-8.78 0.20 4.47
-9.08 0.19 3.75
-9.47 0.16 2.87
-9.56 0.18 2.33
-9.64 0.15 1.97
-9.68 0.22 1.97
9.55 0.30 1.53
9.30 0.45 3.09
8.97 0.43 3.66
8.73 0.49 4.42
8.23 0.46 5.22
7.91 0.46 5.94
7.26 0.52 6.55
6.57 0.63 7.32
6.03 0.60 7.82
5.47 0.57 8.25
5.13 0.67 8.49
4.23 0.62 8.95
1.80 0.82 9.88
1.30 0.72 9.88
1.03 0.60 9.96
0.96 0.60 9.94
0.18 0.63 10.04
-0.17 -9.49 -0.18
-0.16 -9.46 -0.15
9.61 0.39 -0.31
9.56 0.16 -2.15
9.08 0.22 -3.41
0.31 -9.48 0.66
0.10 -9.56 0.37
2.33 -9.22 -0.16
-1.15 -9.35 -0.33
-1.39 -9.38 -0.35
-1.96 -9.34 -0.31
9.43 0.34 2.24
9.22 0.23 3.15
8.82 0.29 4.13
8.36 0.34 5.05
7.65 0.27 6.32
6.83 0.38 6.96
5.91 0.38 7.86
5.25 0.39 8.37
4.42 0.32 8.88
1.09 0.37 9.93
7.14 6.33 2.90
8.07 5.02 3.01
7.40 5.87 3.09
7.43 -5.31 2.75
7.91 -4.31 3.25
8.51 -2.05 4.10
8.19 -1.44 4.98
9.04 -1.32 3.14
9.15 0.01 3.36
8.92 -1.24 3.67
8.67 -2.18 3.86
8.09 -3.63 3.74
6.79 -5.64 3.66
5.91 -6.67 3.45
4.87 -7.65 3.08
4.85 -7.58 3.12
4.14 -8.18 2.54
2.90 -8.86 1.82
-0.35 -9.07 2.94
-1.39 -8.98 2.80
-2.10 -8.92 2.70
-2.90 -8.83 2.28
-5.34 -7.53 2.38
-7.03 -6.08 2.76
-7.96 -5.04 2.32
-8.52 -4.26 1.98
-9.39 -2.30 1.32
-9.00 0.36 4.07
-0.28 0.47 9.99
-0.23 0.50 9.84
-1.20 0.41 9.87
-1.12 1.20 9.80
-1.14 1.89 9.71
-1.10 2.21 9.72
-1.03 2.95 9.54
-1.13 3.66 9.28
-1.10 5.01 8.72
-1.02 7.09 7.13
-1.02 6.23 7.84
-1.11 8.66 5.11
-1.00 8.27 5.68
-1.06 8.03 6.15
-1.08 10.00 1.45
-1.70 0.43 9.89
-1.48 2.07 9.73
-1.82 5.33 8.36
-1.74 4.07 9.06
-1.79 3.54 9.21
-1.98 6.19 7.69
-2.34 7.85 5.93
-2.52 9.24 3.19
-2.61 9.67 1.38
-2.52 9.79 0.69
-3.90 9.27 0.79
-4.04 9.12 1.62
-3.97 8.90 2.77
-3.90 8.59 3.59
-3.89 8.20 4.43
-3.73 7.31 5.74
-3.66 6.22 7.04
-3.59 6.27 6.99
-3.71 6.31 6.96
-3.65 6.33 7.03
-3.67 6.21 7.02
-3.39 5.29 7.77
-3.32 4.40 8.39
-2.94 1.84 9.35
-2.92 0.36 9.55
-0.52 0.01 -9.96
0.12 -0.83 -9.96
0.64 -1.58 -9.81
0.67 -1.55 -9.91
1.37 -2.43 -9.44
3.43 0.43 -9.27
4.26 0.59 -8.91
4.95 0.68 -8.49
5.93 0.83 -7.77
8.00 0.30 -5.68
6.89 0.33 -6.88
7.70 0.41 -5.95
7.92 0.24 -5.66
8.39 0.27 -5.00
8.80 0.16 -4.20
9.48 0.23 -2.12
9.38 0.10 -2.41
9.64 0.20 -0.91
9.74 0.21 0.01
9.74 0.19 0.77
-0.11 9.90 2.04
1.18 9.63 2.83
1.18 9.67 2.88
1.75 9.62 2.12
3.16 9.36 1.86
3.63 9.21 1.68
4.57 8.63 1.76
5.70 8.10 1.20
6.81 7.26 0.92
7.20 6.77 0.69
8.15 5.58 0.36
8.89 4.09 1.12
9.15 3.39 1.18
9.20 2.99 1.13
9.24 2.88 1.35
9.36 2.04 1.34
9.45 0.87 1.73
9.44 -1.12 1.77
9.36 -1.45 1.90
9.14 -2.32 2.45
8.55 -3.29 3.12
7.83 -5.40 0.77
6.99 -6.45 0.73
5.46 -7.80 0.91
4.33 -8.41 1.09
3.64 -8.67 1.39
3.26 -8.78 1.37
3.24 -8.79 1.46
2.53 -8.96 1.94
2.21 -9.02 1.96
1.66 -9.09 2.04
0.56 -9.28 2.09
-0.88 -9.12 2.71
-1.81 -9.07 2.57
-3.98 -8.57 1.57
-6.13 -7.30 1.34
-5.48 -7.74 1.38
-5.94 -7.44 1.52
-5.97 -7.41 1.32
-7.71 -5.70 1.01
-8.38 -4.86 0.99
-8.09 -5.25 1.06
-8.70 -4.18 0.98
-9.03 -3.37 1.05
-9.20 -2.95 1.13
-9.49 -1.93 1.21
-9.67 -1.50 1.31
-9.79 0.77 1.32
-6.87 5.38 4.85
-9.64 -0.36 -2.49
-9.30 -0.34 -3.28
-8.99 -0.34 -4.07
-8.34 -0.25 -5.43
-7.77 -0.30 -6.18
-7.13 -0.29 -6.93
-6.52 -0.21 -7.57
-6.05 -0.17 -8.01
-4.98 -0.18 -8.61
-4.36 -0.14 -9.06
-3.44 -0.11 -9.40
-2.75 0.24 -9.71
-2.00 -0.17 -9.85
-1.38 -0.01 -9.86
1.02 0.19 -9.89
3.15 0.76 -9.42
4.25 0.92 -8.88
5.18 1.07 -8.38
6.10 1.30 -7.62
7.14 1.45 -6.64
7.92 1.53 -5.51
8.46 1.63 -4.49
8.99 0.69 -3.62
8.92 0.83 -3.58
9.33 0.89 -2.59
9.58 0.97 1.64
-0.13 0.57 9.87
0.00 -1.11 9.81
0.11 -2.66 9.58
0.28 -4.43 8.73
0.27 -4.84 8.52
0.32 -6.76 6.88
0.40 -7.77 5.64
0.46 -9.11 2.90
0.26 -9.40 1.60
0.12 -9.39 -1.11
-0.20 -9.03 -2.77
-0.19 -8.49 -4.22
-0.35 -8.00 -5.26
-0.27 -7.27 -6.32
-0.32 -6.61 -7.11
-0.32 -5.82 -7.85
-0.13 -5.07 -8.25
-0.59 -3.85 -9.04
-0.59 -2.66 -9.46
-0.73 -1.25 -9.85
-0.48 -1.24 -9.85
-0.79 0.01 -10.01
-0.42 1.89 -9.81
-0.52 3.59 -9.45