-0.28 0.47 9.99
-0.23 0.50 9.84
-1.20 0.41 9.87
-1.12 1.20 9.80
-1.14 1.89 9.71
-1.10 2.21 9.72
-1.03 2.95 9.54
-1.13 3.66 9.28
-1.10 5.01 8.72
-1.02 7.09 7.13
-1.02 6.23 7.84
-1.11 8.66 5.11
-1.00 8.27 5.68
-1.06 8.03 6.15
-1.08 10.00 1.45
-1.70 0.43 9.89
-1.48 2.07 9.73
-1.82 5.33 8.36
-1.74 4.07 9.06
-1.79 3.54 9.21
-1.98 6.19 7.69
-2.34 7.85 5.93
-2.52 9.24 3.19
-2.61 9.67 1.38
-2.52 9.79 0.69
-3.90 9.27 0.79
-4.04 9.12 1.62
-3.97 8.90 2.77
-3.90 8.59 3.59
-3.89 8.20 4.43
-3.73 7.31 5.74
-3.66 6.22 7.04
-3.59 6.27 6.99
-3.71 6.31 6.96
-3.65 6.33 7.03
-3.67 6.21 7.02
-3.39 5.29 7.77
-3.32 4.40 8.39
-2.94 1.84 9.35
-2.92 0.36 9.55
-0.52 0.01 -9.96
0.12 -0.83 -9.96
0.64 -1.58 -9.81
0.67 -1.55 -9.91
1.37 -2.43 -9.44
3.43 0.43 -9.27
4.26 0.59 -8.91
4.95 0.68 -8.49
5.93 0.83 -7.77
8.00 0.30 -5.68
6.89 0.33 -6.88
7.70 0.41 -5.95
7.92 0.24 -5.66
8.39 0.27 -5.00
8.80 0.16 -4.20
9.48 0.23 -2.12
9.38 0.10 -2.41
9.64 0.20 -0.91
9.74 0.21 0.01
9.74 0.19 0.77
-0.11 9.90 2.04
1.18 9.63 2.83
1.18 9.67 2.88
1.75 9.62 2.12
3.16 9.36 1.86
3.63 9.21 1.68
4.57 8.63 1.76
5.70 8.10 1.20
6.81 7.26 0.92
7.20 6.77 0.69
8.15 5.58 0.36
8.89 4.09 1.12
9.15 3.39 1.18
9.20 2.99 1.13
9.24 2.88 1.35
9.36 2.04 1.34
9.45 0.87 1.73
9.44 -1.12 1.77
9.36 -1.45 1.90
9.14 -2.32 2.45
8.55 -3.29 3.12
7.83 -5.40 0.77
6.99 -6.45 0.73
5.46 -7.80 0.91
4.33 -8.41 1.09
3.64 -8.67 1.39
3.26 -8.78 1.37
3.24 -8.79 1.46
2.53 -8.96 1.94
2.21 -9.02 1.96
1.66 -9.09 2.04
0.56 -9.28 2.09
-0.88 -9.12 2.71
-1.81 -9.07 2.57
-3.98 -8.57 1.57
-6.13 -7.30 1.34
-5.48 -7.74 1.38
-5.94 -7.44 1.52
-5.97 -7.41 1.32
-7.71 -5.70 1.01
-8.38 -4.86 0.99
-8.09 -5.25 1.06
-8.70 -4.18 0.98
-9.03 -3.37 1.05
-9.20 -2.95 1.13
-9.49 -1.93 1.21
-9.67 -1.50 1.31
-9.79 0.77 1.32
-6.87 5.38 4.85
-9.64 -0.36 -2.49
-9.30 -0.34 -3.28
-8.99 -0.34 -4.07
-8.34 -0.25 -5.43
-7.77 -0.30 -6.18
-7.13 -0.29 -6.93
-6.52 -0.21 -7.57
-6.05 -0.17 -8.01
-4.98 -0.18 -8.61
-4.36 -0.14 -9.06
-3.44 -0.11 -9.40
-2.75 0.24 -9.71
-2.00 -0.17 -9.85
-1.38 -0.01 -9.86
1.02 0.19 -9.89
3.15 0.76 -9.42
4.25 0.92 -8.88
5.18 1.07 -8.38
6.10 1.30 -7.62
7.14 1.45 -6.64
7.92 1.53 -5.51
8.46 1.63 -4.49
8.99 0.69 -3.62
8.92 0.83 -3.58
9.33 0.89 -2.59
9.58 0.97 1.64
