0.270840 -0.045750 9.672160 
-9.722180 0.229360 -0.064050
10.246170 1.568920 0.433710 
0.814960 10.086350 2.147810 
-0.101870 4.098590 -8.998110 
1.892830 4.431040 -8.798640
2.574810 5.033720 -8.232560
9.666060 0.974170 3.554470
-0.108580 0.211670 9.847230
-0.239120 -1.731180 9.602620
-9.726450 0.437980 -0.245830
0.937570 3.533120 -9.254920 
8.515600 -0.083570 -5.615660
0.397720 -1.364570 9.666060 
10.327300 0.563640 -0.669780 
10.183340 -0.186050 -1.640290
0.625860 -2.356430 9.444020 
-9.606280 -1.136430 -0.153110 
-0.534970 -7.198000 -6.312890 
0.333670 -1.584780 -9.626410 
0.082960 -2.144150 9.519050
10.299850 -0.333670 -0.564860
2.931660 2.442440 -9.259190 
3.054270 0.999790 -9.404370 
-0.689300 -3.576430 8.956020
1.378600 -1.600640 9.550160
-1.521950 -0.637450 9.634340 
-3.470290 -0.817400 9.020070 
-5.111800 -0.952210 8.172780 
-7.105890 -1.112640 6.475760 
-9.031050 -1.146800 3.236660
-9.483060 -0.164700 2.107550
0.708210 -0.128100 9.829540 
-0.594140 5.232580 8.552810 
-1.240740 7.808000 6.400120
-1.626870 9.003600 4.562190
-2.167940 9.601400 2.799290 
-0.885720 9.677650 3.300100
0.446520 10.176020 -1.762290
1.161440 8.652240 -5.378370 
1.137650 8.654680 -5.389960 
2.039840 8.326500 -5.658970 
2.546140 6.785640 -7.207150
3.075010 6.145140 -7.529230
10.334620 0.509960 0.434320
9.833200 -0.106140 3.048170
8.862080 -0.525820 5.106920
10.359630 0.401990 0.114070
9.260410 -0.404430 4.440190
6.204920 -1.062010 7.870830
4.972720 -1.221220 8.533900
4.089440 -1.271240 8.951750
2.996930 -1.220610 9.336050
-0.037820 -0.356240 9.794160 
4.327340 -7.729310 4.124820
0.774090 -7.753100 5.540020
0.664900 -7.393200 6.159170
0.317200 -6.803330 6.817360
0.014030 -5.985320 7.505440
-1.104100 -4.028440 8.679690 
-9.617260 0.960140 -0.944280
-9.598350 0.520940 -1.891000 
-7.214470 2.493680 -6.186010
2.377780 4.069920 -8.900510
8.564400 3.236660 -4.739090
8.752890 5.664460 1.215730 
6.838710 7.763470 -1.520730
1.706780 10.254710 -0.461770
3.864960 9.347030 -2.432070
4.872070 9.010920 -2.397910
6.199430 7.938540 -2.723040
7.507270 6.983890 -2.125850
9.847840 3.358050 0.500810 
6.617280 0.486780 7.678680 
-0.606340 -1.236470 9.630070 
1.090680 6.833220 7.444440 
-9.448900 1.022970 2.121580 
4.372480 -3.438570 8.136180
1.607350 -3.701480 8.884650
-4.187040 -0.700890 8.597950 
-7.650620 2.257610 5.715090
-8.192910 2.826130 4.654300
0.108580 3.578260 9.309210 
6.610570 -4.428600 -5.947500 
