17.830149 47.874149 5.128148 
17.830149 47.874149 5.128148 
17.192148 46.192146 4.722148 
17.192148 46.192146 4.722148 
14.988148 44.220146 3.678148 
13.016148 42.712147 2.692148 
13.016148 42.712147 2.692148 
10.638148 41.668148 2.692148 
10.638148 41.668148 2.692148 
6.926148 39.174149 2.112148 
6.926148 39.174149 2.112148 
4.142148 37.724148 1.590148 
-0.265852 35.868149 2.228148 
-0.265852 35.868149 2.228148 
-5.253852 35.346149 2.170148 
-5.253852 35.346149 2.170148 
-12.677852 36.332150 3.736148 
-12.677852 36.332150 3.736148 
-19.231852 37.434147 6.114148 
-23.291853 40.740147 8.492148 
-23.291853 40.740147 8.492148 
-27.873852 43.640148 10.986148 
-27.873852 43.640148 10.986148 
-31.469852 47.178146 14.640148 
-31.469852 47.178146 14.640148 
-34.311852 49.382149 19.106148 
-38.313850 52.224148 24.674149 
-38.313850 52.224148 24.674149 
-40.343853 56.052147 31.692148 
-40.343853 56.052147 31.692148 
-41.271851 59.300148 35.752148 
-41.271851 59.300148 35.752148 
-41.619850 61.736149 39.986149 
-41.387852 64.926147 47.062149 
-41.387852 64.926147 47.062149 
-38.313850 66.608147 55.994148 
-38.313850 66.608147 55.994148 
-35.297852 66.898148 61.678146 
-35.297852 66.898148 61.678146 
-32.629852 67.884148 66.202148 
-29.729853 68.638145 69.450150 
-29.729853 68.638145 69.450150 
-24.741852 68.290146 72.988152 
-24.741852 68.290146 72.988152 
-20.043852 66.202148 76.178146 
-20.043852 66.202148 76.178146 
-15.809852 64.578148 78.440147 
-12.793852 64.288147 79.600151 
-12.793852 64.288147 79.600151 
-10.183852 63.534149 80.122147 
-10.183852 63.534149 80.122147 
-7.399852 63.186150 81.340149 
-7.399852 63.186150 81.340149 
-5.137852 62.548149 81.282150 
-3.223852 61.504147 81.398148 
-3.223852 61.504147 81.398148 
-0.265852 59.184147 81.688148 
-0.265852 59.184147 81.688148 
1.706148 56.342148 81.920151 
1.706148 56.342148 81.920151 
3.388148 53.906147 82.268150 
3.736148 52.282146 82.094147 
3.736148 52.282146 82.094147 
4.896148 51.122147 81.340149 
4.896148 51.122147 81.340149 
6.172148 50.310146 81.630150 
6.172148 50.310146 81.630150 
9.246148 48.744148 80.992149 
12.262148 47.120148 79.716148 
12.262148 47.120148 79.716148 
14.234148 46.366150 78.730148 
14.234148 46.366150 78.730148 
16.206148 44.916149 78.324150 
16.206148 44.916149 78.324150 
18.352148 43.756149 76.990150 
21.600147 44.742149 75.714149 
21.600147 44.742149 75.714149 
24.732147 46.482147 74.380150 
2dNw32147 46.482147 74.380150 
28.154148 48.918148 72.234146 
28.154148 48.918148 72.234146 
34.360149 49.208149 67.362144 
38.246147 48.744148 63.012150 
38.246147 48.744148 63.012150 
41.726147 49.208149 57.966148 
41.726147 49.208149 57.966148 
44.046146 49.672150 53.152149 
45.670147 51.992149 49.382149 
45.670147 51.992149 49.382149 
46.482147 52.746147 44.278149 
46.482147 52.746147 44.278149 
47.004147 55.182148 40.508148 
47.004147 55.182148 40.508148 
47.294147 56.400146 37.028149 
46.888149 57.038147 34.070148 
46.888149 57.038147 34.070148 
46.540150 58.024147 30.938148 
46.540150 58.024147 30.938148 
46.134148 59.242149 29.894148 
46.134148 59.242149 29.894148 
45.380150 60.170147 26.472149 
44.278149 61.446148 23.050148 
44.278149 61.446148 23.050148 
42.306149 63.186150 19.976149 
42.306149 63.186150 19.976149 
40.856148 64.578148 17.076147 
40.856148 64.578148 17.076147 
38.652149 65.448151 14.640148 
35.984146 66.434151 10.638148 
35.984146 66.434151 10.638148 
33.780148 66.608147 8.318148 
33.780148 66.608147 8.318148 
33.374149 66.086151 7.158148 
33.374149 66.086151 7.158148 
28.386148 64.346146 2.924148 
20.092148 63.302147 -1.599852 
20.092148 63.302147 -1.599852 
13.886148 63.128147 -3.571852 
13.886148 63.128147 -3.571852 
9.536148 63.766148 -4.673852 
9.536148 63.766148 -4.673852 
6.578148 64.752151 -5.369852 
5.476148 65.680145 -4.963852 
5.476148 65.680145 -4.963852 
4.722148 66.434151 -5.311852 
4.722148 66.434151 -5.311852 
2.286148 68.580147 -3.571852 
2.286148 68.580147 -3.571852 
-0.671852 70.436150 -3.629852 
-0.497852 72.234146 -3.803852 
-0.497852 72.234146 -3.803852 
0.952148 72.524147 -2.585852 
0.952148 72.524147 -2.585852 
2.692148 73.452148 -1.599852 
2.692148 73.452148 -1.599852 
2.576148 74.032150 -2.353852 
6.810148 74.090149 -0.845852 
6.810148 74.090149 -0.845852 
18.120148 74.786148 3.562148 
18.120148 74.786148 3.562148 
27.632149 76.584145 10.580148 
27.632149 76.584145 10.580148 
27.574148 78.788147 11.450148 
26.414148 82.210152 14.466148 
26.414148 82.210152 14.466148 
26.182148 85.690147 18.410149 
26.182148 85.690147 18.410149 
25.254148 89.634148 23.920149 
25.254148 89.634148 23.920149 
23.398148 93.694145 32.388149 
21.716148 95.956146 38.884148 
21.716148 95.956146 38.884148 
16.322147 98.276146 43.640148 
16.322147 98.276146 43.640148 
11.160148 99.668144 47.642147 
11.160148 99.668144 47.642147 
3.910148 101.060150 47.990147 
-0.729852 101.872147 47.352146 
-0.729852 101.872147 47.352146 
-3.513852 101.872147 47.120148 
-3.513852 101.872147 47.120148 
-6.007852 101.466148 48.048149 
-6.007852 101.466148 48.048149 
-9.429852 99.726151 50.310146 
-14.359852 97.696152 53.790150 
-14.359852 97.696152 53.790150 
-20.101852 93.636147 56.632149 
-20.101852 93.636147 56.632149 
-26.887852 87.720146 59.474148 
-26.887852 87.720146 59.474148 
-34.659851 79.716148 56.690147 
-40.343853 70.204147 51.412148 
-40.343853 70.204147 51.412148 
-43.359852 59.358147 44.626148 
-43.359852 59.358147 44.626148 
-40.981853 46.250149 35.172150 
-40.981853 46.250149 35.172150 
-31.933851 34.418148 22.064148 
-19.695852 25.022148 19.628147 
-19.695852 25.022148 19.628147 
-11.691852 19.628147 21.658148 
-11.691852 19.628147 21.658148 
-6.123852 17.424149 24.442148 
-6.123852 16.032148 25.486149 
-3.745852 16.032148 25.486149 
-2.411852 15.278148 25.718147 
-2.411852 15.278148 25.718147 
-1.599852 16.264149 23.804148 
-1.599852 16.264149 23.804148 
-1.483852 17.192148 21.136148 
-0.497852 18.758148 17.830149 
-0.497852 18.758148 17.830149 
-0.903852 19.280148 16.148148 
-0.903852 19.280148 16.148148 
-2.585852 20.266148 14.466148 
-2.585852 20.266148 14.466148 
-5.891852 21.484148 13.422148 
-10.705852 23.224148 12.900148 
-10.705852 23.224148 12.900148 
-18.651852 26.588148 13.538148 
-18.651852 26.588148 13.538148 
-25.437853 32.562149 12.900148 
-25.437853 32.562149 12.900148 
-29.091852 38.594147 11.450148 
-29.961851 45.264149 9.884148 
-29.961851 45.264149 9.884148 
-31.353851 52.224148 8.550148 
-31.353851 52.224148 8.550148 
-30.947851 58.198147 7.564148 
-30.947851 58.198147 7.564148 
-29.149853 64.114151 7.216148 
-26.539852 68.928146 5.186148 
-26.539852 68.928146 5.186148 
-23.291853 72.814148 3.794148 
-23.291853 72.814148 3.794148 
-17.781853 74.438148 1.358148 
-17.781853 74.438148 1.358148 
-11.401852 76.004150 -0.091852 
-7.051852 76.990150 -0.497852 
-7.051852 76.990150 -0.497852 
-3.165852 77.280151 -0.265852 
-3.165852 77.280151 -0.265852 
0.720148 77.628151 -0.439852 
0.720148 77.628151 -0.439852 
2.924148 77.222145 -0.207852 
4.548148 75.772148 -0.091852 
4.548148 75.772148 -0.091852 
5.708148 75.076149 -0.671852 
5.708148 75.076149 -0.671852 
6.984148 72.640144 -0.787852 
6.984148 72.640144 -0.787852 
7.796148 69.334145 -0.961852 
8.028148 65.970146 -1.773852 
8.028148 65.970146 -1.773852 
9.594148 61.910149 -1.483852 
9.594148 61.910149 -1.483852 
10.406148 58.372147 -1.367852 
10.406148 58.372147 -1.367852 
10.174148 54.834148 -1.251852 
10.754148 51.934147 -0.671852 
10.754148 51.934147 -0.671852 
12.088148 50.426147 -0.845852 
12.088148 50.426147 -0.845852 
12.842148 49.382149 0.314148 
12.842148 49.382149 0.314148 
14.234148 48.628147 0.256148 
17.134148 47.584148 0.372148 
17.134148 47.584148 0.372148 
18.990149 47.526150 1.300148 
18.990149 47.526150 1.300148 
22.586147 47.410149 3.504148 
22.586147 47.410149 3.504148 
25.602148 48.280148 5.012148 
27.110147 47.700150 5.186148 
27.110147 47.700150 5.186148 
28.792149 48.396149 6.346148 
28.792149 48.396149 6.346148 
26.936148 48.686150 4.780148 
26.936148 48.686150 4.780148 
25.254148 48.338146 3.678148 
23.746147 47.004147 2.808148 
23.746147 47.004147 2.808148 
21.426147 44.220146 1.880148 
21.426147 44.220146 1.880148 
19.570148 41.958149 1.706148 
19.570148 41.958149 1.706148 
18.700148 39.232147 1.880148 
16.612148 37.666149 1.996148 
16.612148 37.666149 1.996148 
12.088148 35.230148 1.010148 
12.088148 35.230148 1.010148 
5.824148 32.388149 1.532148 
5.824148 32.388149 1.532148 
-1.251852 28.502148 4.084148 
-3.571852 25.544147 6.346148 
-3.571852 25.544147 6.346148 
-2.295852 23.572147 8.318148 
-2.295852 23.57bqt7 8.318148 
-0.729852 23.224148 7.970148 
3.156148 23.456148 7.796148 
3.156148 23.456148 7.796148 
7.854148 24.848148 7.564148 
7.854148 24.848148 7.564148 
12.146148 27.226149 6.288148 
12.146148 27.226149 6.288148 
16.844149 32.388149 4.722148 
19.222149 36.506149 3.736148 
19.222149 36.506149 3.736148 
18.932148 42.190147 1.242148 
18.932148 42.190147 1.242148 
19.106148 48.512150 -0.207852 
19.106148 48.512150 -0.207852 
19.164148 54.196148 -1.077852 
17.714148 59.358147 -0.555852 
17.714148 59.358147 -0.555852 
14.350148 64.694145 -1.541852 
14.350148 64.694145 -1.541852 
11.450148 69.624146 -0.845852 
11.450148 69.624146 -0.845852 
8.898148 73.684151 -0.381852 
7.622148 77.454147 1.184148 
7.622148 77.454147 1.184148 
7.390148 78.904144 0.662148 
7.390148 78.904144 0.662148 
7.564148 79.832146 1.590148 
7.564148 79.832146 1.590148 
7.448148 80.470146 1.996148 
7.448148 80.470146 1.996148 
8.144148 80.528145 2.170148 
8.144148 80.528145 2.170148 
7.332148 79.542145 0.720148 
6.810148 77.512146 0.372148 
6.810148 77.512146 0.372148 
7.158148 75.482147 -0.903852 
7.158148 75.482147 -0.903852 
7.622148 72.408150 -2.121852 
7.622148 72.408150 -2.121852 
9.594148 68.348145 -2.295852 
10.522148 63.012150 -3.397852 
10.522148 63.012150 -3.397852 
10.870148 56.922150 -3.165852 
10.870148 56.922150 -3.165852 
11.740148 52.224148 -2.991852 
11.740148 52.224148 -2.991852 
12.494148 48.744148 -2.179852 
10.174148 45.148148 -1.541852 
10.174148 45.148148 -1.541852 
7.332148 40.798149 -1.309852 
7.332148 40.798149 -1.309852 
6.636148 36.332150 0.604148 
6.636148 36.332150 0.604148 
9.884148 32.330147 3.736148 
9.884148 32.330147 3.736148 
13.770148 27.110147 9.130148 
16.554148 23.282148 14.466148 
16.554148 23.282148 14.466148 
18.990149 19.396149 21.832148 
18.990149 19.396149 21.832148 
19.106148 16.728148 27.748148 
19.106148 16.728148 27.748148 
17.598148 15.336148 32.562149 
16.032148 14.176148 35.346149 
16.032148 14.176148 35.346149 
13.828148 13.132148 36.854149 
13.828148 13.132148 36.854149 
11.682148 12.958148 36.622147 
11.682148 12.958148 36.622147 
9.768148 12.610148 37.144150 
8.202148 12.146148 36.738148 
8.202148 12.146148 36.738148 
7.506148 11.798148 37.318150 
7.506148 11.798148 37.318150 
7.390148 12.088148 37.956146 
7.390148 12.088148 37.956146 
6.752148 11.972148 37.724148 
7.564148 11.566148 37.434147 
7.564148 11.566148 37.434147 
8.666148 12.088148 36.448147 
8.666148 12.088148 36.448147 
11.102148 12.436148 35.752148 
13.770148 12.842148 34.940147 
13.770148 12.842148 34.940147 
16.206148 13.886148 32.620148 
16.206148 13.886148 32.620148 
17.772148 14.930148 30.764149 
17.772148 14.930148 30.764149 
18.990149 15.568148 28.850147 
19.860147 16.032148 28.618149 
19.860147 16.032148 28.618149 
20.208147 16.786148 28.212149 
20.208147 16.786148 28.212149 
18.410149 16.380148 26.646149 
18.410149 16.380148 26.646149 
16.148148 15.568148 25.544147 
12.436148 14.698148 24.674149 
12.436148 14.698148 24.674149 
9.014148 14.640148 24.674149 
9.014148 14.640148 24.674149 
6.578148 13.886148 24.384148 
6.578148 13.886148 24.384148 
3.446148 14.060148 23.398148 
2.112148 13.828148 24.732147 
2.112148 13.828148 24.732147 
0.778148 12.958148 26.182148 
0.778148 12.958148 26.182148 
0.024148 13.190148 27.516148 
0.024148 13.190148 27.516148 
-1.019852 12.494148 28.444147 
-1.367852 12.320148 28.444147 
-1.367852 12.320148 28.444147 
-2.643852 12.320148 29.894148 
-2.643852 12.320148 29.894148 
-4.383852 12.900148 28.502148 
-4.383852 12.900148 28.502148 
-6.471852 12.668148 29.082148 
-9.429852 13.828148 30.590149 
-9.429852 13.828148 30.590149 
-12.271852 13.886148 32.388149 
-12.271852 13.886148 32.388149 
-14.475852 14.350148 33.838146 
-14.475852 14.350148 33.838146 
-16.331852 15.452148 36.912148 
-17.085852 16.090149 43.002148 
-17.085852 16.090149 43.002148 
-15.925852 16.148148 47.932148 
-15.925852 16.148148 47.932148 
-12.967852 16.438148 52.572147 
-12.967852 16.438148 52.572147 
-9.197852 16.670149 54.950150 
-7.225852 16.206148 55.240147 
-7.225852 16.206148 55.240147 
-6.181852 16.264149 54.428146 
-6.181852 16.264149 54.428146 
-5.137852 15.800148 54.080147 
-5.137852 15.800148 54.080147 
-4.151852 15.046148 53.500149 
-3.977852 14.582148 51.992149 
-3.977852 14.582148 51.992149 
-3.339852 14.002148 51.238148 
-3.339852 14.002148 51.238148 
-2.759852 13.770148 49.498150 
-2.759852 13.770148 49.498150 
-2.121852 13.248148 48.686150 
0.314148 13.364148 48.280148 
0.314148 13.364148 48.280148 
1.532148 12.726148 47.178146 
1.532148 12.726148 47.178146 
2.054148 12.204148 47.004147 
2.054148 12.204148 47.004147 
1.648148 12.436148 47.874149 
2.576148 12.784148 49.672150 
2.576148 12.784148 49.672150 
3.794148 13.596148 50.600147 
3.794148 13.596148 50.600147 
5.244148 13.596148 51.122147 
5.244148 13.596148 51.122147 
5.360148 13.596148 50.426147 
5.708148 12.958148 48.918148 
5.708148 12.958148 48.918148 
5.766148 13.074148 47.004147 
5.766148 13.074148 47.004147 
6.636148 12.958148 46.424149 
6.636148 12.958148 46.424149 
5.186148 12.436148 44.742149 
3.446148 12.378148 44.162148 
3.446148 12.378148 44.162148 
2.866148 12.436148 44.220146 
2.866148 12.436148 44.220146 
2.634148 12.146148 44.046146 
2.634148 12.552148 44.220146 
3.214148 12.552148 44.220146 
3.794148 12.726148 43.234146 
3.794148 12.726148 43.234146 
4.432148 12.436148 41.784149 
4.432148 12.436148 41.784149 
4.664148 12.784148 40.740147 
4.954148 12.146148 39.116150 
4.954148 12.146148 39.116150 
4.142148 12.436148 38.246147 
4.142148 12.436148 38.246147 
3.272148 12.436148 36.912148 
3.272148 12.436148 36.912148 
3.620148 12.552148 36.912148 
3.272148 12.320148 34.418148 
3.272148 12.320148 34.418148 
3^bw2148 12.436148 31.692148 
3.272148 12.436148 31.692148 
1.474148 13.132148 30.010147 
1.474148 13.132148 30.010147 
-1.077852 13.364148 28.096148 
-3.397852 13.422148 29.140148 
-3.397852 13.422148 29.140148 
-4.789852 13.654148 29.894148 
-4.789852 13.654148 29.894148 
-5.543852 13.132148 31.460148 
-5.543852 13.132148 31.460148 
-6.471852 12.958148 30.822147 
-8.095852 13.480148 31.808147 
-8.095852 13.480148 31.808147 
-10.415852 14.176148 30.184149 
-10.415852 14.176148 30.184149 
-11.807852 14.640148 29.024149 
-11.807852 14.640148 29.024149 
-12.909852 15.626148 28.792149 
-12.561852 15.452148 27.052149 
-12.561852 15.452148 27.052149 
-11.401852 15.858148 24.152147 
-11.401852 15.858148 24.152147 
-10.705852 16.380148 22.760147 
-10.705852 16.380148 22.760147 
-7.573852 16.728148 21.832148 
-2.701852 16.554148 19.860147 
-2.701852 16.554148 19.860147 
2.634148 16.264149 19.860147 
2.634148 16.264149 19.860147 
7.796148 15.394148 22.934149 
7.796148 15.394148 22.934149 
13.480148 14.698148 31.808147 
14.118148 14.118148 39.580147 
14.118148 14.118148 39.580147 
11.856148 13.654148 41.842148 
11.856148 13.654148 41.842148 
10.522148 13.306148 41.900146 
10.522148 13.306148 41.900146 
9.478148 12.900148 43.060146 
9.304148 13.422148 46.134148 
9.304148 13.422148 46.134148 
7.912148 14.408148 49.034149 
7.912148 14.408148 49.034149 
5.940148 14.698148 50.484146 
5.940148 14.698148 50.484146 
7.680148 15.278148 51.470146 
9.072148 15.742148 51.876148 
9.072148 15.742148 51.876148 
8.898148 16.148148 52.688148 
8.898148 16.148148 52.688148 
7.970148 15.858148 52.862148 
7.970148 15.858148 52.862148 
8.202148 16.264149 53.674149 
8.608148 16.612148 53.964149 
8.608148 16.612148 53.964149 
10.000148 16.612148 53.442146 
10.000148 16.612148 53.442146 
10.754148 17.018148 53.674149 
10.754148 17.018148 53.674149 
11.624148 17.598148 54.370148 
13.480148 18.468147 53.442146 
13.480148 18.468147 53.442146 
15.916148 18.468147 52.630150 
15.916148 18.468147 52.630150 
14.872148 19.338148 54.196148 
14.872148 19.338148 54.196148 
12.552148 19.164148 55.936150 
10.348148 19.222149 57.038147 
10.348148 19.222149 57.038147 
11.160148 18.004148 55.008148 
11.160148 18.004148 55.008148 
12.436148 17.018148 51.818150 
12.436148 17.018148 51.818150 
14.582148 15.916148 48.164146 
14.582148 15.800148 44.452148 
14.582148 15.800148 44.452148 
14.002148 15.046148 39.928146 
14.002148 15.046148 39.928146 
13.074148 14.118148 35.578148 
11.798148 14.176148 31.402147 
11.798148 14.176148 31.402147 
10.638148 14.582148 27.284147 
10.638148 14.582148 27.284147 
10.406148 15.162148 24.036148 
10.406148 15.162148 24.036148 
10.348148 16.032148 22.354149 
12.668148 17.250149 20.208147 
12.668148 17.250149 20.208147 
14.756148 17.714148 19.860147 
14.756148 17.714148 19.860147 
14.176148 18.584148 18.758148 
14.176148 18.584148 18.758148 
11.160148 18.468147 15.916148 
7.506148 19.396149 13.828148 
7.506148 19.396149 13.828148 
5.128148 20.208147 11.856148 
5.128148 20.208147 11.856148 
2.750148 21.542149 9.768148 
2.750148 21.542149 9.768148 
-0.671852 23.514149 7.506148 
-0.671852 23.514149 7.506148 
-5.601852 25.950148 4.896148 
-12.039852 28.038149 5.882148 
-12.039852 28.038149 5.882148 
-18.013851 30.010147 6.984148 
-18.013851 30.010147 6.984148 
-22.247852 31.344149 8.782148 
-22.247852 31.344149 8.782148 
-23.987852 31.286148 9.884148 
-24.161852 30.880148 10.754148 
-24.161852 30.880148 10.754148 
-26.133852 32.562149 11.450148 
-26.133852 32.562149 11.450148 
-28.627851 34.940147 13.132148 
-28.627851 34.940147 13.132148 
-31.353851 37.318150 12.320148 
-32.397854 41.726147 11.276148 
-32.397854 41.726147 11.276148 
-32.049850 45.844147 8.260148 
-32.049850 45.844147 8.260148 
-29.091852 48.106148 5.766148 
-29.091852 48.106148 5.766148 
-22.305853 50.948147 -0.033852 
-12.735852 53.500149 -3.745852 
-12.735852 53.500149 -3.745852 
-6.413852 53.906147 -4.963852 
-6.413852 53.906147 -4.963852 
-9.487852 53.674149 -4.151852 
-9.487852 53.674149 -4.151852 
-13.141852 52.514149 -3.107852 
-12.619852 50.136147 -3.513852 
-12.619852 50.136147 -3.513852 
-11.691852 47.700150 -2.353852 
-11.691852 47.700150 -2.353852 
-10.589852 45.612148 -1.889852 
-9.545852 44.394150 -2.585852 
-9.545852 44.394150 -2.585852 
-9.255852 44.394150 -2.469852 
-9.255852 44.394150 -2.469852 
-16.099852 42.886147 1.010148 
-16.099852 42.886147 1.010148 
-19.579851 40.740147 3.156148 
-19.753853 38.246147 3.968148 
-19.753853 38.246147 3.968148 
-11.575852 35.462147 1.996148 
-11.575852 35.462147 1.996148 
-3.513852 32.446148 2.460148 
-3.513852 32.446148 2.460148 
-1.541852 29.546148 3.910148 
-3.049852 29.720148 2.808148 
-3.049852 29.720148 2.808148 
-1.889852 30.358149 3.040148 
-1.889852 30.358149 3.040148 
-0.671852 30.590149 2.402148 
-0.671852 30.590149 2.402148 
-0.265852 32.214149 1.068148 
1.706148 34.128147 1.242148 
1.706148 34.128147 1.242148 
2.112148 33.722149 1.474148 
2.112148 33.722149 1.474148 
2.866148 33.490147 1.532148 
2.866148 33.490147 1.532148 
4.838148 33.490147 2.228148 
7.680148 32.562149 2.982148 
7.680148 32.562149 2.982148 
8.840148 30.416147 4.374148 
8.840148 30.416147 4.374148 
8.028148 30.242147 3.678148 
8.028148 30.242147 3.678148 
6.868148 32.272148 2.170148 
6.868148 32.272148 2.170148 
6.230148 34.940147 0.256148 
6.230148 34.940147 0.256148 
7.448148 38.826149 -1.599852 
12.552148 43.988148 -1.715852 
12.552148 43.988148 -1.715852 
16.844149 50.078148 -2.005852 
16.844149 50.078148 -2.005852 
18.178148 55.530148 -1.425852 
18.178148 55.530148 -1.425852 
20.150148 58.952148 -0.323852 
24.674149 60.982147 2.576148 
24.674149 60.982147 2.576148 
31.518148 61.272148 8.144148 
31.518148 61.272148 8.144148 
38.362148 59.068150 15.394148 
38.362148 59.068150 15.394148 
42.886147 56.052147 25.718147 
43.988148 54.486149 31.228148 
43.988148 54.486149 31.228148 
44.104149 54.196148 31.112148 
44.104149 54.196148 31.112148 
44.510147 53.152149 34.302147 
44.510147 53.152149 34.302147 
44.452148 51.760147 35.114147 
44.278149 50.194149 36.564148 
44.278149 50.194149 36.564148 
44.394150 49.556149 39.928146 
44.394150 49.556149 39.928146 
43.466148 49.730148 46.308147 
43.466148 49.730148 46.308147 
42.074146 50.078148 53.268147 
39.522148 52.050148 58.488148 
39.522148 52.050148 58.488148 
35.404148 53.732147 64.578148 
35.404148 53.732147 64.578148 
28.618149 55.994148 71.016151 
21.484148 57.386147 75.018150 
21.484148 57.386147 75.018150 
16.496147 58.720146 77.918144 
16.496147 58.720146 77.918144 
10.232148 58.894150 79.832146 
10.232148 58.894150 79.832146 
2.112148 59.590149 80.180145 
-4.731852 60.866150 79.948151 
-4.731852 60.866150 79.948151 
-9.603852 63.650146 79.310150 
-9.603852 63.650146 79.310150 
-13.605852 65.564148 78.092148 
-13.605852 65.564148 78.092148 
-18.013851 67.884148 76.004150 
-20.913853 68.986145 74.322151 
-20.913853 68.986145 74.322151 
-23.117851 69.102150 73.510147 
-23.117851 69.102150 73.510147 
-24.857853 67.652145 72.582146 
-24.857853 67.652145 72.582146 
-28.801851 65.796150 71.190147 
-31.121853 61.910149 71.074150 
-31.121853 61.910149 71.074150 
-31.933851 57.908150 70.030151 
-31.933851 57.908150 70.030151 
-33.035851 54.834148 69.798149 
-33.035851 54.834148 69.798149 
-34.775852 51.702148 68.928146 
-33.905853 48.570148 69.856148 
-33.905853 48.570148 69.856148 
-30.831852 47.178146 73.278145 
-30.831852 47.178146 73.278145 
-26.365852 44.626148 75.830147 
-26.365852 44.626148 75.830147 
-20.449852 43.002148 80.006149 
-16.215853 41.726147 80.412148 
-16.215853 41.726147 80.412148 
-14.475852 39.580147 80.644150 
-14.475852 39.580147 80.644150 
-11.807852 37.782146 81.572151 
-11.807852 37.782146 81.572151 
-7.051852 37.782146 82.152145 
-1.367852 36.796146 82.32614y@
-1.367852 36.796146 82.326149 
3.098148 37.028149 82.790146 
3.098148 37.028149 82.790146 
7.564148 38.014149 82.384148 
7.564148 38.014149 82.384148 
12.958148 39.174149 80.876144 
17.598148 40.740147 79.948151 
17.598148 40.740147 79.948151 
19.918148 42.654148 79.658150 
19.918148 42.654148 79.658150 
23.688148 45.206146 78.324150 
23.688148 45.206146 78.324150 
26.820148 48.976147 77.222145 
29.372149 52.746147 74.960152 
29.372149 52.746147 74.960152 
28.270147 55.936150 76.004150 
28.270147 55.936150 76.004150 
24.964148 59.996147 77.976151 
24.964148 59.996147 77.976151 
20.208147 64.694145 79.368149 
15.278148 69.798149 80.296150 
15.278148 69.798149 80.296150 
12.378148 75.076149 78.788147 
12.378148 75.076149 78.788147 
10.000148 79.194145 77.338150 
10.000148 79.194145 77.338150 
6.288148 82.036148 76.004150 
3.098148 83.602150 75.018150 
3.098148 83.602150 75.018150 
-0.091852 84.414146 75.134148 
-0.091852 84.414146 75.134148 
-2.759852 83.834145 76.004150 
-2.759852 83.834145 76.004150 
-4.209852 81.746147 76.700150 
-5.543852 81.050148 77.222145 
-5.543852 81.050148 77.222145 
-6.761852 79.426147 77.338150 
-6.761852 79.426147 77.338150 
-8.849852 78.382149 77.860146 
-8.849852 78.382149 77.860146 
-12.793852 78.846146 75.830147 
-15.693852 78.962151 74.844147 
-15.693852 78.962151 74.844147 
-18.361853 79.020149 73.916145 
-18.361853 79.020149 73.916145 
-20.507853 80.180145 71.654144 
-20.507853 80.180145 71.654144 
-22.653852 81.456146 69.914146 
-24.509851 81.746147 68.000145 
-24.509851 81.746147 68.000145 
-26.191853 81.862144 66.202148 
-26.191853 81.862144 66.202148 
-27.931852 81.166145 65.448151 
-29.555853 81.572151 63.360149 
-29.555853 81.572151 63.360149 
-30.599852 81.166145 62.200150 
-30.599852 81.166145 62.200150 
-30.889853 80.470146 63.534149 
-30.889853 80.470146 63.534149 
-29.903852 79.890144 65.332146 
-29.787851 80.setq49 65.100151 
-29.787851 80.354149 65.100151 
-30.309853 80.528145 64.404144 
-30.309853 80.528145 64.404144 
-30.193851 80.992149 64.462151 
-30.193851 80.992149 64.462151 
-30.367851 81.862144 64.404144 
-29.091852 82.268150 64.578148 
-29.091852 82.268150 64.578148 
-28.337852 82.210152 66.202148 
-28.337852 82.210152 66.202148 
-27.235851 82.152145 66.434151 
-27.235851 82.152145 66.434151 
-27.061852 82.152145 67.594147 
-25.321852 81.862144 69.218147 
-25.321852 81.862144 69.218147 
-23.465853 81.224152 71.074150 
-23.465853 81.224152 71.074150 
-21.145851 80.470146 71.828148 
-21.145851 80.470146 71.828148 
-19.637852 79.890144 73.684151 
-18.825851 78.962151 74.438148 
-18.825851 78.962151 74.438148 
-18.071852 77.918144 75.192146 
-18.071852 77.918144 75.192146 
-16.853851 75.482147 76.758148 
-16.853851 75.482147 76.758148 
-15.577852 73.684151 78.788147 
-14.533852 72.350151 78.672150 
-14.533852 72.350151 78.672150 
-14.881852 71.132149 79.252151 
-14.881852 71.132149 79.252151 
-14.127852 68.406151 80.296150 
-14.127852 68.406151 80.296150 
-12.213852 65.448151 81.746147 
-11.227852 63.244148 82.036148 
-11.227852 63.244148 82.036148 
-11.053852 59.938148 82.384148 
-11.053852 59.938148 82.384148 
-8.559852 56.458149 82.848145 
-8.559852 56.458149 82.848145 
-5.949852 53.558147 83.718147 
-3.513852 52.978149 83.544151 
-3.513852 52.978149 83.544151 
-2.701852 53.616150 83.080147 
-2.701852 53.616150 83.080147 
-3.629852 56.342148 83.544151 
-3.629852 56.342148 83.544151 
-5.601852 59.590149 83.544151 
-7.225852 63.592148 82.790146 
-7.225852 63.592148 82.790146 
-8.269852 68.580147 81.630150 
-8.269852 68.580147 81.630150 
-8.095852 72.466148 80.586151 
-8.095852 72.466148 80.586151 
-8.095852 76.236145 78.324150 
-8.443852 80.122147 76.874146 
-8.443852 80.122147 76.874146 
-9.139852 83.138145 75.076149 
-9.139852 83.138145 75.076149 
-10.763852 86.618149 72.814148 
-10.763852 86.618149 72.814148 
-10.821852 89.402145 70.552147 
-12.445852 92.534149 66.434151 
-12.445852 92.534149 66.434151 
-14.069852 95.202148 62.084148 
-14.069852 95.202148 62.084148 
-15.055852 97.812149 58.082150 
-15.055852 97.812149 58.082150 
-15.229852 98.856148 55.182148 
-15.809852 100.770149 52.108147 
-15.809852 100.770149 52.108147 
-17.259851 100.886147 50.252148 
-17.259851 100.886147 50.252148 
-18.419851 100.190147 47.816147 
-18.419851 100.190147 47.816147 
-19.985851 100.364151 45.728149 
-19.985851 99.900146 44.684147 
-19.985851 99.900146 44.684147 
-20.275852 100.538147 43.292149 
-20.275852 100.538147 43.292149 
-19.521852 100.538147 41.204147 
-19.521852 100.538147 41.204147 
-19.231852 100.828148 38.884148 
-19.637852 100.538147 37.376148 
-19.637852 100.538147 37.376148 
-20.101852 100.944145 34.998150 
-20.101852 100.944145 34.998150 
-20.855852 100.480148 33.432148 
-21.493853 99.494148 32.272148 
-21.493853 99.494148 32.272148 
-22.827852 98.914146 30.648148 
-22.827852 98.914146 30.648148 
-22.479853 98.566147 29.024149 
-22.479853 98.566147 29.024149 
-22.131851 98.682152 28.502148 
-20.971851 99.320145 29.778149 
-20.971851 99.320145 29.778149 
-19.347853 100.422150 33.026150 
-19.347853 100.422150 33.026150 
-17.897852 101.466148 35.520149 
-17.897852 101.466148 35.520149 
-16.795853 102.104149 41.088146 
-17.607853 101.234146 45.728149 
-17.607853 101.234146 45.728149 
-18.535852 99.668144 51.470146 
-18.535852 99.668144 51.470146 
-20.681852 96.942146 56.806149 
-20.681852 96.942146 56.806149 
-23.697851 92.940147 60.808147 
-25.263851 88.474152 64.056145 
-25.263851 88.474152 64.056145 
-27.409851 84.356148 65.970146 
-27.409851 84.356148 65.970146 
-31.527851 79.194145 66.028145 
-31.527851 79.194145 66.028145 
-35.123852 72.872147 66.028145 
-36.573853 65.738152 66.666145 
-36.573853 65.738152 66.666145 
-37.095852 59.242149 67.478149 
-37.095852 59.242149 67.478149 
-36.573853 51.006149 66.608147 
-36.573853 51.006149 66.608147 
-34.949852 42.944149 65.448151 
-31.759851 37.028149 65.274147 
-31.759851 37.028149 65.274147 
-31.701853 33.316147 61.330147 
-31.701853 33.316147 61.330147 
-32.455853 27.980148 54.486149 
-32.455853 27.980148 54.486149 
-29.207851 22.818148 50.600147 
-26.365852 20.092148 46.482147 
-26.365852 20.092148 46.482147 
-25.727852 18.004148 41.494148 
-25.727852 18.004148 41.494148 
-23.581852 16.960148 38.594147 
-23.581852 16.960148 38.594147 
-20.507853 14.640148 36.216148 
-17.897852 14.408148 32.736149 
-17.897852 14.408148 32.736149 
-16.853851 16.264149 27.516148 
-16.853851 16.264149 27.516148 
-12.909852 16.322147 23.398148 
-12.909852 16.322147 23.398148 
-10.067852 16.902147 19.802149 
-9.835852 18.352148 16.554148 
-9.835852 18.352148 16.554148 
-11.459852 19.570148 15.452148 
-11.459852 19.570148 15.452148 
-12.213852 20.788149 15.684148 
-12.213852 20.788149 15.684148 
-13.431852 20.962149 15.916148 
-15.055852 22.006147 15.452148 
-15.055852 22.006147 15.452148 
-15.751852 22.238148 15.858148 
-15.751852 22.238148 15.858148 
-16.563852 22.238148 15.452148 
-16.563852 22.238148 15.452148 
-18.709852 22.470148 17.192148 
-20.739853 23.050148 20.498148 
-20.739853 23.050148 20.498148 
-22.131851 20.556149 23.862148 
-22.131851 20.556149 23.862148 
-24.915852 19.860147 26.762148 
-24.915852 19.860147 26.762148 
-26.829851 21.368149 29.720148 
-29.439852 22.760147 32.272148 
-29.439852 22.760147 32.272148 
-30.715853 23.050148 35.868149 
-30.715853 23.050148 35.868149 
-29.729853 22.470148 38.072147 
-29.729853 22.470148 38.072147 
-30.251852 22.992147 38.014149 
-32.049850 25.080149 34.012150 
-32.049850 25.080149 34.012150 
-32.339851 26.994148 25.428148 
-32.339851 26.994148 25.428148 
-31.817852 32.678146 17.308147 
-31.817852 32.678146 17.308147 
-33.209850 39.290150 13.190148 
-32.455853 46.250149 8.550148 
-32.455853 46.250149 8.550148 
-28.917852 54.660149 4.026148 
-28.917852 54.660149 4.026148 
-24.219852 63.882149 1.068148 
-21.029852 73.046150 1.532148 
-21.029852 73.046150 1.532148 
-19.695852 81.862144 6.404148 
-19.695852 81.862144 6.404148 
-19.405851 90.330147 12.494148 
-19.405851 90.330147 12.494148 
-16.969852 96.826149 19.396149 
-15.403852 100.596146 27.806149 
-15.403852 100.596146 27.806149 
-14.765852 102.568146 36.390148 
-14.765852 102.568146 36.390148 
-15.403852 102.394150 42.016148 
-15.403852 102.394150 42.016148 
-15.287852 101.988152 47.410149 
-15.867852 100.886147 51.528149 
-15.867852 100.886147 51.528149 
-16.563852 99.494148 55.240147 
-16.563852 99.494148 55.240147 
-17.143852 97.348145 59.242149 
-17.143852 97.348145 59.242149 
-19.173853 94.854149 61.504147 
-23.291853 92.708145 61.794147 
-23.291853 92.708145 61.794147 
-25.553852 90.ufbq49 62.200150 
-25.553852 90.562149 62.200150 
-27.119852 89.054146 62.780148 
-27.119852 89.054146 62.780148 
-28.047852 88.880150 60.750149 
-29.845852 90.562149 55.936150 
-29.845852 90.562149 55.936150 
-31.817852 91.954147 49.556149 
-31.817852 91.954147 49.556149 
-31.933851 93.288147 42.712147 
-31.933851 93.288147 42.712147 
-29.961851 94.854149 35.926147 
-26.481852 95.202148 25.602148 
-26.481852 95.202148 25.602148 
-23.001852 93.404144 17.598148 
-23.001852 93.404144 17.598148 
-20.913853 88.822151 10.812148 
-20.913853 88.822151 10.812148 
-19.289852 82.558151 4.896148 
-17.781853 74.960152 -0.149852 
-17.781853 74.960152 -0.149852 
-17.549852 66.956146 -2.353852 
-17.549852 66.956146 -2.353852 
-17.143852 58.314148 -3.861852 
-17.143852 58.314148 -3.861852 
-13.315852 49.498150 -3.977852 
-7.457852 40.450150 -3.223852 
-7.457852 40.450150 -3.223852 
-0.091852 33.258148 -0.497852 
-0.091852 33.258148 -0.497852 
7.854148 26.472149 3.794148 
7.854148 26.472149 3.794148 
14.930148 22.586147 9.536148 
17.772148 18.004148 15.162148 
17.772148 18.004148 15.162148 
17.076147 14.466148 21.078148 
17.076147 14.466148 21.078148 
14.234148 10.812148 27.748148 
14.234148 10.812148 27.748148 
10.174148 8.608148 35.172150 
8.202148 8.028148 41.784149 
8.202148 8.028148 41.784149 
6.752148 8.782148 49.846149 
6.752148 8.782148 49.846149 
6.984148 11.624148 57.096149 
6.984148 11.624148 57.096149 
7.506148 14.292148 61.794147 
7.042148 16.844149 64.346146 
7.042148 16.844149 64.346146 
5.766148 18.062147 66.492149 
5.766148 18.062147 66.492149 
3.562148 21.194147 70.900146 
3.562148 21.194147 70.900146 
0.894148 25.138147 74.264145 
-0.497852 31.924149 77.802147 
-0.497852 31.924149 77.802147 
-1.019852 38.942146 81.166145 
-1.019852 38.942146 81.166145 
-1.251852 42.190147 81.920151 
-1.251852 42.190147 81.920151 
-1.715852 43.408150 82.094147 
-1.309852 44.220146 82.790146 
-1.309852 44.220146 82.790146 
-1.425852 45.902149 82.964149 
-1.425852 45.902149 82.964149 
-2.121852 47.468147 83.312149 
-2.121852 47.468147 83.312149 
-1.831852 49.440147 83.950150 
-2.643852 51.412148 84.472145 
-2.643852 51.412148 84.472145 
-2.353852 53.674149 84.414146 
-2.353852 53.674149 84.414146 
-2.875852 54.892147 84.240150 
-2.875852 54.892147 84.240150 
-3.223852 55.008148 83.602150 
-2.469852 55.414146 84.066147 
-2.469852 55.414146 84.066147 
-1.599852 55.646149 84.124146 
-1.599852 55.646149 84.124146 
-0.091852 55.472149 84.820145 
-0.091852 55.472149 84.820145 
1.938148 53.326149 83.660149 
6.346148 51.586147 82.790146 
6.346148 51.586147 82.790146 
9.130148 44.916149 81.746147 
9.130148 44.916149 81.746147 
10.696148 34.882149 76.874146 
10.696148 34.882149 76.874146 
13.132148 26.588148 70.378151 
15.336148 21.136148 64.520149 
15.336148 21.136148 64.520149 
15.742148 15.916148 56.980148 
15.742148 15.916148 56.980148 
12.784148 11.682148 46.656147 
12.784148 11.682148 46.656147 
11.508148 10.638148 38.536148 
10.116148 10.522148 31.866148 
10.116148 10.522148 31.866148 
6.868148 12.030148 24.210148 
6.868148 12.030148 24.210148 
5.012148 15.684148 15.626148 
5.012148 15.684148 15.626148 
3.040148 20.382149 10.348148 
-1.599852 23.920149 6.694148 
-1.599852 23.920149 6.694148 
-6.935852 26.530148 5.360148 
-6.935852 26.530148 5.360148 
-10.589852 30.068148 4.316148 
-10.589852 30.068148 4.316148 
-11.865852 33.026150 3.388148 
-11.923852 34.824146 2.402148 
-11.923852 34.824146 2.402148 
-11.517852 37.318150 1.126148 
-11.517852 37.318150 1.126148 
-13.199852 39.812149 0.024148 
-13.199852 39.812149 0.024148 
-11.691852 42.422150 -1.135852 
-7.051852 46.656147 -3.165852 
-7.051852 46.656147 -3.165852 
-8.269852 51.818150 -3.745852 
-8.269852 51.818150 -3.745852 
-11.517852 55.588146 -3.919852 
-10.183852 60.634148 -4.557852 
-10.183852 60.634148 -4.557852 
-9.777852 65.332146 -3.803852 
-9.777852 65.332146 -3.803852 
-11.923852 68.638145 -2.469852 
-11.923852 68.638145 -2.469852 
-9.777852 72.002151 -2.295852 
-8.559852 77.222145 0.198148 
-8.559852 77.222145 0.198148 
-6.529852 83.254150 2.112148 
-6.529852 83.254150 2.112148 
-2.817852 87.894150 5.766148 
-2.817852 87.894150 5.766148 
-0.265852 92.360146 10.464148 
1.474148 95.840149 12.668148 
1.474148 95.840149 12.668148 
4.432148 98.218147 17.656149 
4.432148 98.218147 17.656149 
6.462148 100.190147 21.716148 
6.462148 100.190147 21.716148 
8.144148 101.640144 25.370148 
9.942148 102.278145 29.720148 
9.942148 102.278145 29.720148 
12.668148 102.220146 33.606148 
12.668148 102.220146 33.606148 
14.872148 101.756149 36.506149 
14.872148 101.756149 36.506149 
16.496147 101.176147 38.420147 
19.222149 100.538147 40.856148 
19.222149 100.538147 40.856148 
20.324148 99.900146 42.712147 
20.324148 99.900146 42.712147 
21.194147 99.030151 43.640148 
21.194147 99.030151 43.640148 
20.382149 98.972145 43.118149 
18.874147 99.958145 41.378147 
18.874147 99.958145 41.378147 
16.612148 101.002151 38.362148 
16.612148 101.002151 38.362148 
13.364148 102.278145 34.476147 
13.364148 102.278145 34.476147 
9.304148 102.858147 30.242147 
6.346148 102.336151 25.312147 
6.346148 102.336151 25.312147 
4.142148 101.640144 21.774149 
4.142148 101.640144 21.774149 
2.402148 99.668144 18.120148 
2.402148 99.668144 18.120148 
1.358148 97.870148 14.814148 
-1.425852 95.550148 11.624148 
-1.425852 95.550148 11.624148 
-2.701852 92.244148 7.854148 
-2.701852 92.244148 7.854148 
-3.455852 86.676147 2.808148 
-3.455852 86.676147 2.808148 
-1.77sxur 78.614151 -1.657852 
1.416148 70.204147 -3.977852 
1.416148 70.204147 -3.977852 
3.794148 63.418148 -4.963852 
3.794148 63.418148 -4.963852 
3.794148 56.052147 -4.615852 
3.794148 56.052147 -4.615852 
2.634148 48.280148 -4.035852 
3.156148 41.552147 -2.237852 
3.156148 41.552147 -2.237852 
6.346148 35.288147 1.010148 
6.346148 35.288147 1.010148 
8.550148 28.386148 4.606148 
8.550148 28.386148 4.606148 
10.464148 23.282148 10.174148 
10.986148 19.396149 14.408148 
10.986148 19.396149 14.408148 
9.188148 16.322147 17.714148 
9.188148 16.322147 17.714148 
6.926148 15.046148 20.962149 
6.926148 15.046148 20.962149 
6.694148 13.306148 23.804148 
4.664148 11.856148 27.748148 
4.664148 11.856148 27.748148 
4.432148 11.276148 31.170149 
4.432148 11.276148 31.170149 
3.794148 10.464148 34.824146 
3.794148 10.464148 34.824146 
3.678148 10.406148 37.724148 
2.518148 10.986148 41.204147 
2.518148 10.986148 41.204147 
0.546148 11.160148 45.496147 
0.546148 11.160148 45.496147 
-1.657852 11.566148 49.730148 
-1.657852 11.566148 49.730148 
-3.281852 13.422148 54.602146 
-5.601852 15.104148 59.126148 
-5.601852 15.104148 59.126148 
-7.747852 17.656149 63.418148 
-7.747852 17.656149 63.418148 
-9.139852 20.034147 66.724152 
-9.951852 22.180147 69.682152 
-9.951852 22.180147 69.682152 
-9.719852 24.964148 72.582146 
-9.719852 24.964148 72.582146 
-7.863852 28.328148 74.960152 
-7.863852 28.328148 74.960152 
-6.355852 32.446148 78.324150 
-4.963852 34.940147 80.238152 
-4.963852 34.940147 80.238152 
-3.861852 38.304150 81.340149 
-3.861852 38.304150 81.340149 
-2.121852 41.030148 82.442146 
-2.121852 41.030148 82.442146 
-0.497852 43.524147 83.602150 
1.764148 46.424149 84.414146 
1.764148 46.424149 84.414146 
3.156148 49.440147 84.414146 
3.156148 49.440147 84.414146 
4.142148 51.586147 85.342148 
4.142148 51.586147 85.342148 
4.722148 53.964149 85.400146 
5.360148 55.994148 84.762146 
5.360148 55.994148 84.762146 
5.418148 57.444149 85.284149 
5.418148 57.444149 85.284149 
6.868148 59.184147 84.820145 
6.868148 59.184147 84.820145 
8.028148 60.750149 84.994148 
7.912148 61.678146 84.414146 
7.912148 61.678146 84.414146 
6.926148 62.258148 84.994148 
6.926148 62.258148 84.994148 
6.172148 61.562149 84.878151 
6.172148 61.562149 84.878151 
5.534148 59.416149 85.052147 
6.810148 55.704147 84.298149 
6.810148 55.704147 84.298149 
8.550148 50.368149 83.892151 
8.550148 50.368149 83.892151 
7.564148 43.002148 82.964149 
7.564148 43.002148 82.964149 
4.838148 35.288147 79.252151 
3.968148 25.892147 74.438148 
3.968148 25.892147 74.438148 
5.186148 18.758148 65.738152 
5.186148 18.758148 65.738152 
6.172148 12.610148 54.834148 
6.172148 12.610148 54.834148 
4.490148 9.072148 42.712147 
3.214148 9.710148 31.054148 
3.214148 9.710148 31.054148 
3.330148 13.828148 21.252148 
3.330148 13.828148 21.252148 
4.606148 18.236149 13.306148 
4.606148 18.236149 13.306148 
4.548148 23.224148 7.854148 
3.272148 28.502148 3.156148 
3.272148 28.502148 3.156148 
4.664148 34.882149 -0.381852 
4.664148 34.882149 -0.381852 
6.578148 41.842148 -2.469852 
6.578148 41.842148 -2.469852 
8.492148 49.498150 -4.093852 
10.348148 56.748150 -4.209852 
10.348148 56.748150 -4.209852 
10.522148 64.462151 -3.803852 
10.522148 64.462151 -3.803852 
10.754148 71.364151 -1.193852 
10.754148 71.364151 -1.193852 
6.462148 76.526146 -0.613852 
0.720148 81.398148 1.416148 
0.720148 81.398148 1.416148 
-2.411852 86.154144 4.374148 
-2.411852 86.154144 4.374148 
-2.701852 89.460152 7.216148 
-2.701852 89.460152 7.216148 
-1.077852 92.360146 8.434148 
-1.077852 92.360146 8.434148 
0.140148 94.390144 10.754148 
0.140148 95.956146 13.712148 
0.140148 95.956146 13.712148 
1.010148 97.928146 16.786148 
1.010148 97.928146 16.786148 
2.518148 99.610146 19.686148 
3.794148 101.756149 23.920149 
3.794148 101.756149 23.920149 
3.794148 103.148148 29.604149 
3.794148 103.148148 29.604149 
2.402148 104.714149 36.680149 
2.402148 104.714149 36.680149 
0.140148 104.888145 44.510147 
-2.875852 103.670151 51.122147 
-2.875852 103.670151 51.122147 
-6.993852 102.336151 54.486149 
-6.993852 102.336151 54.486149 
-10.763852 101.408150 57.502148 
-10.763852 101.408150 57.502148 
-13.837852 98.682152 59.996147 
-15.809852 95.434151 63.070148 
-15.809852 95.434151 63.070148 
-18.767853 92.418144 66.202148 
-18.767853 92.418144 66.202148 
-21.957851 88.300148 68.522148 
-21.957851 88.300148 68.522148 
-24.393852 83.776146 70.900146 
-25.437853 79.890144 72.640144 
-25.437853 79.890144 72.640144 
-26.655851 76.468147 74.264145 
-26.655851 76.468147 74.264145 
-27.989853 74.206146 74.786148 
-27.989853 74.206146 74.786148 
-28.743853 71.886147 74.728149 
-29.091852 69.972145 74.844147 
-29.091852 69.972145 74.844147 
-28.453852 69.566147 75.076149 
-28.453852 69.566147 75.076149 
-29.555853 69.160149 74.496147 
-29.555853 69.160149 74.496147 
-30.773851 68.464149 72.234146 
-31.933851 68.986145 70.958145 
-31.933851 68.986145 70.958145 
-33.035851 69.740150 69.044151 
-33.035851 69.740150 69.044151 
-34.079853 71.712151 65.680145 
-34.079853 71.712151 65.680145 
-35.123852 74.264145 63.128147 
-34.369850 78.034149 60.402149 
-34.369850 78.034149 60.402149 
-33.789852 81.108147 59.010147 
-33.789852 81.108147 59.010147 
-32.803852 84.936150 55.298149 
-32.803852 84.936150 55.298149 
-29.903852 89.982147 52.108147 
-24.567852 94.970146 50.078148 
-24.567852 94.970146 50.078148 
-20.101852 98.856148 47.178146 
-20.101852 98.856148 47.178146 
-14.649852 101.350151 42.886147 
-14.649852 101.350151 42.886147 
-9.023852 103.264145 39.464149 
-2.121852 104.076149 35.230148 
-2.121852 104.076149 35.230148 
4.896148 103.670151 33.200150 
4.896148 103.670151 33.200150 
11.508148 101.872147 32.388149 
11.508148 101.872147 32.388149 
15.684148 100.306145 32.272148 
19.106148 98.682152 31.982147 
19.106148 98.682152 31.982147 
22.586147 97.522148 31.228148 
22.586147 97.522148 31.228148 
24.558147 95.840149 31.054148 
24.558147 95.840149 31.054148 
25.660149 94.564148 27.922148 
25.544147 93.926147 26.878147 
25.544147 93.926147 26.878147 
25.254148 94.216148 25.892147 
25.254148 94.216148 25.892147 
24.036148 94.854149 24.848148 
24.036148 94.854149 24.848148 
20.962149 95.840149 22.238148 
17.134148 97.290146 21.774149 
17.134148 97.290146 21.774149 
15.046148 98.392151 22.818148 
15.046148 98.392151 22.818148 
12.668148 99.146149 22.818148 
12.668148 99.146149 22.818148 
9.246148 100.306145 21.890148 
5.940148 101.350151 22.412148 
5.940148 101.350151 22.412148 
2.866148 102.162148 23.920149 
2.866148 102.162148 23.920149 
-0.729852 102.916145 25.834148 
-0.729852 102.916145 25.834148 
-3.339852 104.250145 26.472149 
-4.963852 104.076149 28.270147 
-4.963852 104.076149 28.270147 
-6.065852 104.134148 27.980148 
-6.065852 104.134148 27.980148 
-7.283852 103.786148 29.140148 
-7.283852 103.786148 29.140148 
-7.689852 104.134148 29.778149 
-8.327852 104.308151 30.416147 
-8.327852 104.308151 30.416147 
-9.023852 105.004150 31.634148 
-9.023852 105.004150 31.634148 
-8.965852 104.656151 32.330147 
-9.255852 104.888145 32.446148 
-9.255852 104.888145 32.446148 
-10.647852 104.888145 30.590149 
-10.647852 104.888145 30.590149 
-11.865852 104.308151 30.532148 
-11.865852 104.308151 30.532148 
-12.503852 103.670151 28.850147 
-14.359852 103.670151 28.850147 
-14.359852 103.670151 28.850147 
-15.635852 102.974152 28.328148 
-15.635852 102.974152 28.328148 
-17.201853 102.220146 27.980148 
-17.201853 102.220146 27.980148 
-18.941853 101.292145 29.198149 
-21.551851 101.060150 32.562149 
-21.551851 101.060150 32.562149 
-23.465853 100.364151 35.810146 
-23.465853 100.364151 35.810146 
-23.813852 100.248146 40.682148 
-23.813852 100.248146 40.682148 
-22.885853 100.480148 45.670147 
-22.595852 100.654144 47.874149 
-22.595852 100.654144 47.874149 
