-23.025999 17.167999 -32.363998 
-23.025999 17.167999 -32.363998 
-22.620001 19.082001 -32.653999 
-23.200001 20.416000 -33.408001 
-23.200001 20.416000 -33.408001 
-23.606001 21.691999 -33.523998 
-23.606001 21.691999 -33.523998 
-23.548000 22.794001 -33.813999 
-23.548000 22.794001 -33.813999 
-23.431999 23.316000 -33.175999 
-23.664000 25.056000 -33.930000 
-23.664000 25.056000 -33.930000 
-25.230000 26.969999 -33.872002 
-25.230000 26.969999 -33.872002 
-26.158001 29.521999 -33.756001 
-26.158001 29.521999 -33.756001 
-27.434000 31.726000 -33.234001 
-27.782000 33.408001 -33.001999 
-27.782000 33.408001 -33.001999 
-28.652000 35.380001 -32.132000 
-28.652000 35.380001 -32.132000 
-28.304001 37.757999 -31.146000 
-28.304001 37.757999 -31.146000 
-28.709999 39.498001 -30.507999 
-28.420000 41.354000 -30.044001 
-28.420000 41.354000 -30.044001 
-28.129999 42.340000 -29.232000 
-28.129999 42.340000 -29.232000 
-29.870001 42.397999 -29.406000 
-29.870001 42.397999 -29.406000 
-31.610001 43.268002 -29.000000 
-34.394001 44.254002 -27.840000 
-34.394001 44.254002 -27.840000 
-35.090000 45.762001 -27.666000 
-35.090000 45.762001 -27.666000 
-34.916000 46.863998 -26.796000 
-34.916000 46.863998 -26.796000 
-34.858002 45.877998 -27.608000 
-33.813999 43.905998 -28.420000 
-33.813999 43.905998 -28.420000 
-30.101999 43.616001 -28.594000 
-30.101999 43.616001 -28.594000 
-27.260000 43.268002 -28.652000 
-27.260000 43.268002 -28.652000 
-23.954000 42.514000 -28.362000 
-21.634001 41.644001 -27.782000 
-21.634001 41.644001 -27.782000 
-18.792000 40.425999 -28.826000 
-18.792000 40.425999 -28.826000 
-17.110001 38.917999 -28.129999 
-17.110001 38.917999 -28.129999 
-16.181999 39.091999 -27.840000 
-18.212000 38.048000 -28.362000 
-18.212000 38.048000 -28.362000 
-20.358000 37.004002 -29.406000 
-20.358000 37.004002 -29.406000 
-21.228001 34.916000 -29.232000 
-20.705999 33.698002 -29.058001 
-20.705999 33.698002 -29.058001 
-18.559999 30.681999 -29.406000 
-18.559999 30.681999 -29.406000 
-16.878000 28.826000 -28.362000 
-16.878000 28.826000 -28.362000 
-16.007999 28.652000 -28.188000 
-15.602000 30.507999 -28.420000 
-15.602000 30.507999 -28.420000 
-14.616000 33.349998 -28.884001 
-14.616000 33.349998 -28.884001 
-15.254000 36.655998 -28.362000 
-15.254000 36.655998 -28.362000 
-16.936001 38.570000 -29.290001 
-19.082001 40.136002 -29.348000 
-19.082001 40.136002 -29.348000 
-21.808001 41.180000 -30.044001 
-21.808001 41.180000 -30.044001 
-24.417999 43.209999 -29.870001 
-24.417999 43.209999 -29.870001 
-26.448000 44.543999 -30.044001 
-28.941999 46.980000 -29.290001 
-28.941999 46.980000 -29.290001 
-29.174000 46.922001 -29.115999 
-29.174000 46.922001 -29.115999 
-30.334000 48.139999 -29.232000 
-30.334000 48.139999 -29.232000 
-31.436001 49.358002 -28.072001 
-32.363998 51.388000 -27.955999 
-32.363998 51.388000 -27.955999 
-32.827999 52.200001 -26.912001 
-32.827999 52.200001 -26.912001 
-33.349998 53.765999 -25.809999 
-33.349998 53.765999 -25.809999 
-35.147999 55.042000 -24.940001 
-36.830002 56.144001 -24.302000 
-36.830002 56.144001 -24.302000 
-37.584000 55.506001 -24.243999 
-37.584000 55.506001 -24.243999 
-37.700001 55.042000 -23.954000 
-37.700001 55.042000 -23.954000 
-38.222000 54.287998 -24.243999 
-39.208000 55.273998 -23.548000 
-39.208000 55.273998 -23.548000 
-39.382000 55.854000 -22.910000 
-39.382000 55.854000 -22.910000 
-39.150002 54.403999 -24.650000 
-39.150002 54.403999 -24.650000 
-37.467999 53.591999 -24.997999 
-35.902000 52.316002 -26.389999 
-35.902000 52.316002 -26.389999 
-34.452000 51.562000 -27.782000 
-34.452000 51.562000 -27.782000 
-33.639999 51.504002 -27.318001 
-33.639999 51.504002 -27.318001 
-31.726000 52.316002 -27.028000 
-31.900000 53.650002 -25.520000 
-31.900000 53.650002 -25.520000 
-31.958000 54.925999 -25.520000 
-31.958000 54.925999 -25.520000 
-31.378000 56.202000 -24.591999 
-31.378000 56.202000 -24.591999 
-30.856001 57.883999 -24.360001 
-30.392000 59.160000 -21.865999 
-30.392000 59.160000 -21.865999 
-29.812000 60.841999 -20.416000 
-29.812000 60.841999 -20.416000 
-29.812000 62.349998 -18.096001 
-29.812000 62.349998 -18.096001 
-29.115999 64.031998 -17.458000 
-28.014000 64.844002 -15.138000 
-28.014000 64.844002 -15.138000 
-27.318001 65.772003 -13.920000 
-27.318001 65.772003 -13.920000 
-27.549999 66.526001 -11.600000 
-27.549999 66.526001 -11.600000 
-28.014000 67.279999 -10.846000 
-28.362000 67.917999 -9.570000 
-28.362000 67.917999 -9.570000 
-28.304001 68.208000 -10.150000 
-28.304001 68.208000 -10.150000 
-28.478001 68.265999 -9.280000 
-28.478001 68.265999 -9.280000 
-28.129999 68.323997 -8.642000 
-25.694000 69.194000 -6.960000 
-25.694000 69.194000 -6.960000 
-22.736000 69.657997 -1.566000 
-22.736000 69.657997 -1.566000 
-20.068001 69.889999 4.234000 
-20.068001 69.889999 4.234000 
-21.634001 70.470001 8.816000 
-23.490000 71.108002 10.382000 
-23.490000 71.108002 10.382000 
-25.172001 71.108002 11.658000 
-25.172001 71.108002 11.658000 
-26.854000 71.166000 12.586000 
-26.854000 71.166000 12.586000 
-28.072001 71.398003 12.180000 
-28.362000 71.456001 10.266000 
-28.362000 71.456001 10.266000 
-29.000000 71.456001 9.338000 
-29.000000 71.456001 9.338000 
-27.898001 71.339996 7.192000 
-27.898001 71.339996 7.192000 
-26.506001 71.050003 5.104000 
-24.070000 70.702003 3.886000 
-24.070000 70.702003 3.886000 
-22.214001 70.412003 3.886000 
-22.214001 70.412003 3.886000 
-21.054001 70.237999 3.480000 
-19.198000 69.251999 2.668000 
-19.198000 69.251999 2.668000 
-16.240000 68.265999 3.944000 
-16.240000 68.265999 3.944000 
-12.992000 67.860001 6.902000 
-12.992000 67.860001 6.902000 
-10.730000 66.061996 10.788000 
-8.178000 64.496002 11.368000 
-8.178000 64.496002 11.368000 
-6.728000 63.046001 9.222000 
-6.728000 63.046001 9.222000 
-4.698000 61.770000 5.510000 
-4.698000 61.770000 5.510000 
-5.104000 60.610001 -1.392000 
-9.396000 60.667999 -12.064000 
-9.396000 60.667999 -12.064000 
-22.794001 59.217999 -20.532000 
-22.794001 59.217999 -20.532000 
-43.326000 59.566002 -17.806000 
-43.326000 59.566002 -17.806000 
-56.666000 59.507999 -7.482000 
-61.827999 58.812000 0.754000 
-61.827999 58.812000 0.754000 
-62.756001 57.652000 3.074000 
-62.756001 57.652000 3.074000 
-63.683998 56.956001 5.278000 
-63.683998 56.956001 5.278000 
-64.148003 55.506001 14.326000 
-62.292000 54.113998 24.417999 
-62.292000 54.113998 24.417999 
-59.160000 54.113998 28.826000 
-59.160000 54.113998 28.826000 
-59.276001 53.476002 29.695999 
-59.276001 53.476002 29.695999 
-57.768002 53.012001 31.320000 
-53.591999 53.301998 34.683998 
-53.591999 53.301998 34.683998 
-51.562000 54.287998 35.495998 
-51.562000 54.287998 35.495998 
-50.807999 54.810001 35.438000 
-50.807999 54.810001 35.438000 
-48.139999 56.433998 36.424000 
-42.397999 57.478001 36.945999 
-42.397999 57.478001 36.945999 
-37.931999 58.986000 37.352001 
-37.931999 58.986000 37.352001 
-33.408001 59.624001 36.830002 
-33.408001 59.624001 36.830002 
-27.375999 60.146000 36.076000 
-20.938000 61.537998 32.653999 
-20.938000 61.537998 32.653999 
-16.414000 63.104000 28.072001 
-16.414000 63.104000 28.072001 
-14.384000 65.134003 22.910000 
-14.384000 65.134003 22.910000 
-15.834000 66.584000 19.893999 
-17.922001 68.440002 17.922001 
-17.922001 68.440002 17.922001 
-19.372000 69.657997 13.978000 
-19.372000 69.657997 13.978000 
-21.459999 70.412003 10.846000 
-21.459999 70.412003 10.846000 
-24.070000 70.875999 7.888000 
-25.403999 71.339996 3.712000 
-26.796000 70.875999 -1.740000 
-26.796000 70.875999 -1.740000 
-30.798000 69.889999 -6.206000 
-30.798000 69.889999 -6.206000 
-37.004002 68.903999 -8.236000 
-43.557999 66.351997 -10.614000 
-43.557999 66.351997 -10.614000 
-50.169998 62.234001 -11.542000 
-50.169998 62.234001 -11.542000 
-56.085999 57.883999 -10.672000 
-56.085999 57.883999 -10.672000 
-61.074001 53.650002 -9.918000 
-63.858002 49.647999 -9.048000 
-63.858002 49.647999 -9.048000 
-62.987999 46.863998 -14.848000 
-62.987999 46.863998 -14.848000 
-61.363998 41.122002 -19.778000 
-61.363998 41.122002 -19.778000 
-59.507999 35.902000 -22.968000 
-56.492001 32.827999 -25.520000 
-56.492001 32.827999 -25.520000 
-53.998001 30.044001 -27.608000 
-53.998001 30.044001 -27.608000 
-52.896000 25.288000 -28.129999 
-52.896000 25.288000 -28.129999 
-52.896000 20.242001 -26.680000 
-52.896000 16.761999 -26.216000 
-52.896000 16.761999 -26.216000 
-52.316002 14.442000 -25.520000 
-52.316002 14.442000 -25.520000 
-50.228001 10.208000 -25.230000 
-50.228001 10.208000 -25.230000 
-49.125999 8.874000 -24.650000 
-51.214001 8.352000 -22.504000 
-51.214001 8.352000 -22.504000 
-53.824001 7.598000 -21.170000 
-53.824001 7.598000 -21.170000 
-55.216000 7.134000 -19.836000 
-56.608002 6.032000 -18.386000 
-56.608002 6.032000 -18.386000 
-55.970001 3.074000 -16.761999 
-55.970001 3.074000 -16.761999 
-54.403999 1.392000 -16.646000 
-54.403999 1.392000 -16.646000 
-54.403999 -0.928000 -15.660000 
-57.478001 -2.088000 -9.918000 
-57.478001 -2.088000 -9.918000 
-60.203999 -2.494000 -5.858000 
-60.203999 -2.494000 -5.858000 
-60.667999 -2.436000 -6.322000 
-60.667999 -2.436000 -6.322000 
-59.160000 -2.610000 -8.758000 
-58.928001 -3.190000 -8.352000 
-58.928001 -3.190000 -8.352000 
-57.883999 -4.524000 -8.062000 
-57.883999 -4.524000 -8.062000 
-54.984001 -5.742000 -10.150000 
-54.984001 -5.742000 -10.150000 
-52.953999 -7.134000 -10.962000 
-52.431999 -7.308000 -10.614000 
-52.431999 -7.308000 -10.614000 
-51.619999 -7.424000 -11.948000 
-51.619999 -7.424000 -11.948000 
-52.490002 -7.656000 -10.846000 
-52.490002 -7.656000 -10.846000 
-52.084000 -6.960000 -11.774000 
-52.257999 -7.714000 -9.918000 
-52.257999 -7.714000 -9.918000 
-51.852001 -8.352000 -8.410000 
-51.852001 -8.352000 -8.410000 
-52.953999 -8.468000 -7.946000 
-52.953999 -8.468000 -7.946000 
-52.779999 -8.932000 -7.134000 
-51.504002 -10.614000 -4.466000 
-51.504002 -10.614000 -4.466000 
-50.692001 -11.542000 -1.334000 
-50.692001 -11.542000 -1.334000 
-50.924000 -11.716000 1.740000 
-50.924000 -11.716000 1.740000 
-52.548000 -11.716000 3.480000 
-53.476002 -10.846000 6.438000 
-53.476002 -10.846000 6.438000 
-53.650002 -10.846000 11.948000 
-53.650002 -10.846000 11.948000 
-52.490002 -10.092000 18.676001 
-50.924000 -9.396000 23.954000 
-49.764000 -7.192000 29.406000 
-49.764000 -7.192000 29.406000 
-46.632000 -3.538000 35.959999 
-46.632000 -3.538000 35.959999 
-42.978001 0.928000 41.528000 
-42.978001 0.928000 41.528000 
-38.627998 6.960000 45.355999 
-36.076000 13.398000 48.894001 
-36.076000 13.398000 48.894001 
-34.509998 18.270000 49.532001 
-34.509998 18.270000 49.532001 
-32.886002 22.910000 50.402000 
-32.886002 22.910000 50.402000 
-32.132000 26.796000 50.924000 
-30.681999 30.624001 50.807999 
-30.681999 30.624001 50.807999 
-30.275999 32.886002 50.518002 
-30.275999 32.886002 50.518002 
-30.275999 35.495998 49.473999 
-30.275999 35.495998 49.473999 
-30.334000 36.192001 49.473999 
-29.870001 36.250000 49.358002 
-29.870001 36.250000 49.358002 
-30.914000 35.785999 50.228001 
-30.914000 35.785999 50.228001 
-30.972000 37.352001 49.358002 
-30.972000 37.352001 49.358002 
-29.695999 40.832001 48.372002 
-29.290001 41.933998 48.256001 
-29.290001 41.933998 48.256001 
-29.232000 43.094002 48.487999 
-29.232000 43.094002 48.487999 
-30.914000 44.717999 47.501999 
-30.914000 44.717999 47.501999 
-32.653999 46.167999 47.153999 
-34.394001 48.430000 45.298000 
-34.394001 48.430000 45.298000 
-37.236000 51.736000 42.745998 
-37.236000 51.736000 42.745998 
-39.787998 54.230000 40.716000 
-39.787998 54.230000 40.716000 
-42.049999 56.608002 38.105999 
-43.152000 58.812000 35.032001 
-43.152000 58.812000 35.032001 
-45.355999 61.132000 32.248001 
-45.355999 61.132000 32.248001 
-48.139999 62.639999 28.420000 
-48.139999 62.639999 28.420000 
-50.402000 63.161999 23.954000 
-53.417999 64.669998 17.632000 
-53.417999 64.669998 17.632000 
-54.694000 64.902000 12.238000 
-54.694000 64.902000 12.238000 
-53.708000 66.410004 7.134000 
-53.708000 66.410004 1.044000 
-52.141998 66.931999 1.044000 
-50.169998 66.931999 -4.930000 
-50.169998 66.931999 -4.930000 
-48.894001 65.192001 -10.092000 
-48.894001 65.192001 -10.092000 
-48.198002 62.001999 -15.370000 
-48.198002 59.276001 -19.719999 
-48.198002 59.276001 -19.719999 
-48.372002 56.144001 -22.794001 
-48.372002 56.144001 -22.794001 
-48.313999 53.012001 -24.534000 
-48.313999 53.012001 -24.534000 
-47.270000 49.590000 -27.086000 
-46.980000 45.181999 -29.695999 
-46.980000 45.181999 -29.695999 
-47.675999 40.599998 -31.204000 
-47.675999 40.599998 -31.204000 
-48.720001 37.119999 -31.087999 
-48.720001 37.119999 -31.087999 
-48.661999 33.349998 -31.784000 
-48.139999 29.638000 -31.493999 
-48.139999 29.638000 -31.493999 
-46.632000 26.796000 -32.886002 
-46.632000 26.796000 -32.886002 
-45.181999 26.042000 -33.060001 
-45.181999 26.042000 -33.060001 
-44.717999 26.042000 -33.639999 
-42.862000 25.636000 -34.452000 
-42.862000 25.636000 -34.452000 
-39.556000 23.142000 -34.683998 
-39.556000 23.142000 -34.683998 
-33.001999 20.879999 -35.554001 
-33.001999 20.879999 -35.554001 
-26.158001 19.488001 -34.742001 
-20.938000 18.676001 -33.466000 
-20.938000 18.676001 -33.466000 
-16.993999 17.632000 -31.958000 
-16.993999 17.632000 -31.958000 
-12.296000 16.878000 -30.450001 
-12.296000 16.878000 -30.450001 
-8.990000 15.254000 -28.246000 
-6.264000 15.022000 -27.028000 
-6.264000 15.022000 -27.028000 
-4.350000 14.094000 -25.114000 
-4.350000 14.094000 -25.114000 
-1.160000 10.440000 -20.822001 
-1.160000 10.440000 -20.822001 
0.174000 5.568000 -16.007999 
0.000000 2.320000 -14.210000 
0.000000 2.320000 -14.210000 
-0.870000 -0.928000 -12.644000 
-0.870000 -0.928000 -12.644000 
-1.798000 -4.002000 -9.454000 
-1.798000 -4.002000 -9.454000 
-2.262000 -6.728000 -6.786000 
-3.364000 -9.396000 -3.712000 
-3.364000 -9.396000 -3.712000 
-3.016000 -10.614000 -1.566000 
-3.016000 -10.614000 -1.566000 
-3.944000 -12.296000 -1.160000 
-3.944000 -12.296000 -1.160000 
-4.814000 -14.036000 0.290000 
-7.134000 -15.892000 0.870000 
-7.134000 -15.892000 0.870000 
-8.642000 -17.632000 3.596000 
-8.642000 -17.632000 3.596000 
-10.556000 -18.850000 5.684000 
-10.556000 -18.850000 5.684000 
-12.006000 -19.198000 7.540000 
-13.746000 -19.836000 11.484000 
-13.746000 -19.836000 11.484000 
-15.080000 -19.430000 15.834000 
-15.080000 -19.430000 15.834000 
-16.530001 -18.386000 19.488001 
-16.530001 -18.386000 19.488001 
-17.052000 -17.341999 22.968000 
-16.472000 -15.428000 25.983999 
-16.472000 -15.428000 25.983999 
-17.284000 -14.268000 29.232000 
-17.284000 -14.268000 29.232000 
-17.922001 -11.948000 32.132000 
-17.922001 -11.948000 32.132000 
-18.618000 -9.628000 35.032001 
-19.256001 -7.830000 37.352001 
-19.256001 -7.830000 37.352001 
-20.416000 -5.974000 39.613998 
-20.416000 -5.974000 39.613998 
-20.184000 -4.234000 40.716000 
-20.184000 -4.234000 40.716000 
-22.910000 -2.958000 42.223999 
-25.694000 -1.798000 42.514000 
-25.694000 -1.798000 42.514000 
-29.986000 -1.508000 42.688000 
-29.986000 -1.508000 42.688000 
-35.785999 -1.972000 41.759998 
-35.785999 -1.972000 41.759998 
-42.223999 -3.422000 39.091999 
-47.096001 -4.582000 35.612000 
-47.096001 -4.582000 35.612000 
-49.068001 -5.626000 32.537998 
-49.068001 -5.626000 32.537998 
-51.155998 -6.380000 30.218000 
-51.155998 -6.380000 30.218000 
-50.807999 -6.438000 30.044001 
-53.301998 -5.858000 28.826000 
-53.301998 -5.858000 28.826000 
-56.608002 -5.394000 25.346001 
-56.608002 -5.394000 25.346001 
-58.116001 -5.394000 22.736000 
-58.116001 -5.394000 22.736000 
-57.362000 -6.380000 22.388000 
-54.346001 -8.178000 24.591999 
-54.346001 -8.178000 24.591999 
-51.445999 -8.410000 26.506001 
-51.445999 -8.410000 26.506001 
-50.692001 -7.830000 27.492001 
-51.098000 -7.772000 26.680000 
-51.098000 -7.772000 26.680000 
-51.388000 -7.888000 25.694000 
-51.388000 -7.888000 25.694000 
-49.764000 -8.932000 25.172001 
-49.764000 -8.932000 25.172001 
-48.720001 -10.614000 23.316000 
-46.922001 -11.774000 22.851999 
-46.922001 -11.774000 22.851999 
-45.355999 -13.282000 21.170000 
-45.355999 -13.282000 21.170000 
-44.891998 -13.514000 19.893999 
-44.891998 -13.514000 19.893999 
-44.602001 -14.326000 17.400000 
-43.383999 -14.964000 15.776000 
-43.383999 -14.964000 15.776000 
-42.630001 -15.428000 13.050000 
-42.630001 -15.428000 13.050000 
-41.644001 -16.181999 11.484000 
-41.644001 -16.181999 11.484000 
-40.484001 -16.761999 8.758000 
-39.672001 -17.167999 6.670000 
-39.672001 -17.167999 6.670000 
-38.743999 -17.110001 5.104000 
-38.743999 -17.110001 5.104000 
-38.279999 -17.573999 4.176000 
-38.279999 -17.573999 4.176000 
-37.931999 -17.690001 2.030000 
-37.352001 -17.458000 1.044000 
-37.352001 -17.458000 1.044000 
-36.076000 -17.458000 -1.276000 
-36.076000 -17.458000 -1.276000 
-34.046001 -17.458000 -3.596000 
-34.046001 -17.458000 -3.596000 
-33.001999 -17.110001 -4.466000 
-32.132000 -16.704000 -4.524000 
-32.132000 -16.704000 -4.524000 
-30.507999 -16.530001 -7.366000 
-30.507999 -16.530001 -7.366000 
-29.754000 -16.181999 -7.540000 
-29.754000 -16.181999 -7.540000 
-28.652000 -15.486000 -7.308000 
-25.752001 -16.066000 -7.192000 
-25.752001 -16.066000 -7.192000 
-22.504000 -15.660000 -6.844000 
-22.504000 -15.660000 -6.844000 
-19.488001 -15.312000 -5.510000 
-19.488001 -15.312000 -5.510000 
-17.400000 -15.138000 -4.756000 
-16.587999 -15.834000 -4.756000 
-16.587999 -15.834000 -4.756000 
-16.936001 -15.834000 -2.900000 
-16.936001 -15.834000 -2.900000 
-16.066000 -16.066000 -0.174000 
-16.066000 -16.066000 -0.174000 
-14.906000 -15.312000 1.160000 
-15.776000 -15.660000 -0.928000 
-15.776000 -15.660000 -0.928000 
-17.632000 -15.892000 -3.654000 
-17.632000 -15.892000 -3.654000 
-19.139999 -16.356001 -5.336000 
-19.139999 -16.356001 -5.336000 
-20.764000 -16.007999 -5.742000 
-23.257999 -16.587999 -6.148000 
-23.257999 -16.587999 -6.148000 
-24.997999 -16.181999 -6.670000 
-24.997999 -16.181999 -6.670000 
-24.708000 -16.181999 -5.916000 
-24.708000 -16.181999 -5.916000 
-24.302000 -16.124001 -6.148000 
-23.664000 -15.254000 -7.424000 
-23.664000 -15.254000 -7.424000 
-24.708000 -15.196000 -8.758000 
-24.708000 -15.196000 -8.758000 
-24.360001 -14.616000 -9.744000 
-24.360001 -14.616000 -9.744000 
-24.708000 -13.920000 -10.614000 
-25.346001 -13.978000 -10.730000 
-25.346001 -13.978000 -10.730000 
-27.086000 -13.862000 -12.876000 
-27.086000 -13.862000 -12.876000 
-29.174000 -13.572000 -12.354000 
-29.174000 -13.572000 -12.354000 
-30.740000 -13.804000 -12.644000 
-33.698002 -13.456000 -12.644000 
-33.698002 -13.456000 -12.644000 
-35.032001 -13.862000 -11.832000 
-35.032001 -13.862000 -11.832000 
-36.481998 -13.746000 -10.962000 
-36.481998 -13.746000 -10.962000 
-36.481998 -13.862000 -10.904000 
-37.119999 -14.500000 -9.860000 
-37.119999 -14.500000 -9.860000 
-36.714001 -14.268000 -9.164000 
-36.714001 -14.268000 -9.164000 
-37.757999 -14.442000 -8.468000 
-37.757999 -14.442000 -8.468000 
-39.556000 -15.196000 -5.800000 
-40.658001 -15.892000 -1.624000 
-40.658001 -15.892000 -1.624000 
-42.397999 -16.356001 4.930000 
-42.397999 -16.356001 4.930000 
-42.108002 -17.167999 9.628000 
-42.108002 -17.167999 9.628000 
-40.716000 -15.718000 14.210000 
-39.439999 -15.544000 16.993999 
-39.439999 -15.544000 16.993999 
-37.178001 -15.254000 19.604000 
-37.178001 -15.254000 19.604000 
-35.959999 -15.486000 21.924000 
-33.813999 -14.732000 23.257999 
-33.813999 -14.732000 23.257999 
-32.827999 -14.616000 23.664000 
-32.827999 -14.616000 23.664000 
-32.653999 -14.152000 25.114000 
-32.653999 -14.152000 25.114000 
-32.189999 -13.862000 26.680000 
-30.972000 -12.934000 27.549999 
-30.972000 -12.934000 27.549999 
-31.030001 -13.166000 28.362000 
-31.030001 -13.166000 28.362000 
-31.204000 -12.702000 29.695999 
-31.204000 -12.702000 29.695999 
-33.349998 -12.064000 30.218000 
-35.032001 -12.354000 29.290001 
-35.032001 -12.354000 29.290001 
-40.136002 -11.194000 28.014000 
-40.136002 -11.194000 28.014000 
-47.560001 -10.904000 24.011999 
-47.560001 -10.904000 24.011999 
-53.301998 -10.730000 13.688000 
-53.301998 -11.194000 -0.522000 
-53.301998 -11.194000 -0.522000 
-44.602001 -11.078000 -13.456000 
-44.602001 -11.078000 -13.456000 
-29.580000 -11.252000 -16.761999 
-29.580000 -11.252000 -16.761999 
-17.806000 -12.934000 -11.078000 
-13.456000 -14.674000 -2.320000 
-13.456000 -14.674000 -2.320000 
-14.964000 -15.312000 3.712000 
-14.964000 -15.312000 3.712000 
-16.993999 -15.892000 5.452000 
-16.993999 -15.892000 5.452000 
-19.662001 -17.226000 4.118000 
-22.330000 -17.864000 4.698000 
-22.330000 -17.864000 4.698000 
-23.722000 -18.270000 5.510000 
-23.722000 -18.270000 5.510000 
-23.954000 -18.502001 7.192000 
-23.954000 -18.502001 7.192000 
-24.476000 -18.212000 9.106000 
-23.780001 -18.444000 11.078000 
-23.780001 -18.444000 11.078000 
-23.316000 -17.573999 13.862000 
-23.316000 -17.573999 13.862000 
-22.968000 -17.980000 16.414000 
-22.968000 -17.980000 16.414000 
-22.388000 -16.820000 18.676001 
-19.488001 -15.950000 20.299999 
-19.488001 -15.950000 20.299999 
-12.876000 -14.558000 16.878000 
-12.876000 -14.558000 16.878000 
-7.830000 -13.282000 7.772000 
-7.830000 -13.282000 7.772000 
-12.528000 -12.934000 -8.584000 
-32.074001 -13.282000 -14.036000 
-32.074001 -13.282000 -14.036000 
-49.299999 -13.456000 4.060000 
-49.299999 -13.456000 4.060000 
-44.776001 -13.166000 24.417999 
-44.776001 -13.166000 24.417999 
-29.580000 -11.774000 31.841999 
-19.024000 -10.150000 30.856001 
-19.024000 -10.150000 30.856001 
-16.704000 -9.860000 30.392000 
-16.704000 -9.860000 30.392000 
-19.662001 -9.512000 32.189999 
-19.662001 -9.512000 32.189999 
-27.608000 -9.802000 33.060001 
-35.380001 -9.628000 32.363998 
-35.380001 -9.628000 32.363998 
-41.644001 -10.092000 28.768000 
-41.644001 -10.092000 28.768000 
-45.414001 -10.208000 25.056000 
-45.414001 -10.208000 25.056000 
-48.487999 -10.266000 22.271999 
-50.285999 -10.672000 19.372000 
-50.285999 -10.672000 19.372000 
-50.866001 -11.020000 15.486000 
-50.866001 -11.020000 15.486000 
-50.981998 -11.426000 8.816000 
-50.981998 -11.426000 8.816000 
-49.416000 -12.586000 -0.058000 
-42.919998 -12.818000 -8.816000 
-42.919998 -12.818000 -8.816000 
-31.610001 -13.920000 -10.150000 
-31.610001 -13.920000 -10.150000 
-22.794001 -14.848000 -5.858000 
-22.794001 -14.848000 -5.858000 
-19.256001 -15.892000 0.406000 
-19.430000 -16.587999 6.090000 
-19.430000 -16.587999 6.090000 
-20.299999 -17.400000 8.874000 
-20.299999 -17.400000 8.874000 
-22.214001 -17.632000 9.338000 
-21.402000 -17.632000 8.816000 
-21.402000 -17.632000 8.816000 
-20.532000 -18.096001 8.004000 
-18.502001 -18.153999 6.960000 
-18.502001 -18.153999 6.960000 
-17.052000 -18.153999 5.510000 
-16.761999 -17.573999 4.002000 
-16.761999 -17.573999 4.002000 
-16.240000 -16.587999 2.668000 
-16.240000 -16.587999 2.668000 
-16.530001 -16.414000 -0.870000 
-16.530001 -16.414000 -0.870000 
-16.646000 -16.007999 -5.394000 
-19.313999 -15.602000 -8.584000 
-19.313999 -15.602000 -8.584000 
-23.896000 -14.906000 -11.890000 
-23.896000 -14.906000 -11.890000 
-29.870001 -14.210000 -12.992000 
-29.870001 -14.210000 -12.992000 
-35.090000 -13.920000 -13.456000 
-38.801998 -13.804000 -12.296000 
-38.801998 -13.804000 -12.296000 
-41.122002 -12.702000 -12.412000 
-41.122002 -12.702000 -12.412000 
-42.862000 -12.354000 -11.948000 
-42.862000 -12.354000 -11.948000 
-42.282001 -12.296000 -12.122000 
-40.889999 -12.470000 -12.180000 
-40.889999 -12.470000 -12.180000 
-39.787998 -12.238000 -13.050000 
-39.787998 -12.238000 -13.050000 
-38.570000 -12.470000 -13.050000 
-38.570000 -12.470000 -13.050000 
-37.236000 -13.514000 -13.224000 
-36.018002 -13.920000 -13.166000 
-36.018002 -13.920000 -13.166000 
-33.582001 -14.036000 -13.050000 
-33.582001 -14.036000 -13.050000 
-32.480000 -14.616000 -13.050000 
-32.480000 -14.616000 -13.050000 
-31.261999 -14.442000 -13.456000 
-30.450001 -14.442000 -13.050000 
-30.450001 -14.442000 -13.050000 
-30.218000 -14.442000 -13.630000 
-30.218000 -14.442000 -13.630000 
-30.972000 -13.862000 -13.224000 
-30.972000 -13.862000 -13.224000 
-31.087999 -15.254000 -11.542000 
-31.436001 -15.428000 -10.614000 
-31.436001 -15.428000 -10.614000 
-29.754000 -15.370000 -11.542000 
-29.754000 -15.370000 -11.542000 
-27.549999 -14.674000 -13.340000 
-27.549999 -14.674000 -13.340000 
-24.128000 -13.456000 -14.732000 
-21.750000 -12.644000 -15.486000 
-21.750000 -12.644000 -15.486000 
-19.604000 -10.904000 -16.646000 
-19.604000 -10.904000 -16.646000 
-17.400000 -8.584000 -19.604000 
-17.400000 -8.584000 -19.604000 
-16.181999 -5.800000 -22.040001 
-14.152000 -3.770000 -22.851999 
-14.152000 -3.770000 -22.851999 
-13.166000 -1.798000 -24.882000 
-13.166000 -1.798000 -24.882000 
-12.412000 1.972000 -25.694000 
-12.412000 1.972000 -25.694000 
-13.456000 5.162000 -27.608000 
-15.428000 7.714000 -30.275999 
-15.428000 7.714000 -30.275999 
-17.284000 10.208000 -32.132000 
-17.284000 10.208000 -32.132000 
-20.299999 12.238000 -33.234001 
-20.299999 12.238000 -33.234001 
-25.172001 13.514000 -34.394001 
-29.406000 13.398000 -33.872002 
-29.406000 13.398000 -33.872002 
-31.726000 12.760000 -33.582001 
-31.726000 12.760000 -33.582001 
-31.261999 10.324000 -32.944000 
-31.261999 10.324000 -32.944000 
-30.392000 8.468000 -32.074001 
-31.552000 8.062000 -31.610001 
-31.552000 8.062000 -31.610001 
-33.175999 7.888000 -31.552000 
-33.175999 7.888000 -31.552000 
-34.973999 8.236000 -31.204000 
-34.973999 8.236000 -31.204000 
-35.669998 8.758000 -31.726000 
-37.874001 9.106000 -31.610001 
-37.874001 9.106000 -31.610001 
-40.832001 8.120000 -30.798000 
-40.832001 8.120000 -30.798000 
-40.542000 7.714000 -30.160000 
-40.542000 7.714000 -30.160000 
-37.757999 8.004000 -30.218000 
-34.104000 7.598000 -31.087999 
-34.104000 7.598000 -31.087999 
-30.160000 7.482000 -30.681999
-27.434000 6.844000 -30.740000 
-26.100000 7.656000 -30.624001 
-26.100000 7.656000 -30.624001 
-26.506001 8.236000 -31.146000 
-26.506001 8.236000 -31.146000 
-27.782000 8.178000 -30.450001 
-27.782000 8.178000 -30.450001 
-29.174000 8.758000 -31.784000 
-29.986000 9.106000 -30.972000 
-29.986000 9.106000 -30.972000 
-31.030001 9.744000 -31.726000 
-31.030001 9.744000 -31.726000 
-31.552000 10.672000 -32.132000 
-31.552000 10.672000 -32.132000 
-32.015999 11.600000 -33.292000 
-33.118000 12.354000 -33.292000 
-33.118000 12.354000 -33.292000 
-33.408001 12.586000 -33.408001 
-33.408001 12.586000 -33.408001 
-33.408001 13.456000 -33.582001 
-33.408001 13.456000 -33.582001 
-32.189999 12.876000 -33.582001 
-31.030001 12.064000 -33.175999 
-31.030001 12.064000 -33.175999 
-29.870001 10.904000 -32.770000 
-29.870001 10.904000 -32.770000 
-28.478001 9.744000 -32.189999 
-28.478001 9.744000 -32.189999 
-26.563999 9.338000 -31.900000 
-24.534000 10.034000 -31.667999 
-24.534000 10.034000 -31.667999 
-22.330000 10.034000 -31.841999 
-22.330000 10.034000 -31.841999 
-20.764000 10.672000 -31.610001 
-20.764000 10.672000 -31.610001 
-20.822001 11.020000 -31.320000 
-19.604000 12.934000 -32.422001 
-19.604000 12.934000 -32.422001 
-17.747999 16.530001 -32.480000 
-17.747999 16.530001 -32.480000 
-16.704000 20.590000 -33.639999 
-16.704000 20.590000 -33.639999 
-15.544000 23.837999 -33.523998 
-15.080000 27.724001 -33.698002 
-15.080000 27.724001 -33.698002 
-14.210000 30.507999 -33.001999 
-14.210000 30.507999 -33.001999 
-14.500000 33.118000 -33.408001 
-14.500000 33.118000 -33.408001 
-15.312000 33.349998 -32.827999 
-15.660000 30.566000 -33.234001 
-15.660000 30.566000 -33.234001 
-15.718000 29.638000 -34.220001 
-15.718000 29.638000 -34.220001 
-15.602000 29.174000 -33.987999 
-15.602000 29.174000 -33.987999 
-15.138000 28.709999 -34.394001 
-15.312000 29.290001 -34.220001 
-15.312000 29.290001 -34.220001 
-16.414000 31.841999 -34.104000 
-16.414000 31.841999 -34.104000 
-16.646000 34.568001 -33.698002 
-16.646000 34.568001 -33.698002 
-16.124001 37.874001 -32.015999 
-15.428000 39.962002 -32.015999 
-15.428000 39.962002 -32.015999 
-14.616000 41.237999 -30.856001 
-14.616000 41.237999 -30.856001 
-14.442000 42.804001 -30.856001 
-14.442000 42.804001 -30.856001 
-16.124001 43.964001 -30.334000 
-16.356001 45.588001 -29.870001 
-16.356001 45.588001 -29.870001 
-17.167999 46.167999 -30.334000 
-17.167999 46.167999 -30.334000 
-17.167999 46.400002 -29.406000 
-17.167999 46.400002 -29.406000 
-18.153999 46.748001 -30.275999 
-19.313999 46.574001 -30.101999 
-19.313999 46.574001 -30.101999 
-21.170000 47.096001 -30.160000 
-21.170000 47.096001 -30.160000 
-21.691999 47.327999 -30.334000 
-21.691999 47.327999 -30.334000 
-22.214001 46.980000 -30.160000 
-22.156000 47.153999 -29.927999 
-22.156000 47.153999 -29.927999 
-22.736000 47.444000 -30.334000 
-22.736000 47.444000 -30.334000 
-22.214001 48.082001 -29.927999 
-22.214001 48.082001 -29.927999 
-24.128000 49.068001 -29.464001 
-25.403999 49.125999 -29.232000 
-25.403999 49.125999 -29.232000 
-26.563999 49.183998 -30.507999 
-26.563999 49.183998 -30.507999 
-26.680000 48.430000 -30.044001 
-26.680000 48.430000 -30.044001 
-26.216000 48.256001 -30.507999 
-26.854000 48.661999 -30.740000 
-26.854000 48.661999 -30.740000 
-27.782000 49.068001 -30.507999 
-27.782000 49.068001 -30.507999 
-29.115999 48.894001 -31.146000 
-29.232000 47.792000 -30.798000 
-29.232000 47.792000 -30.798000 
-29.812000 47.212002 -31.087999 
-29.812000 47.212002 -31.087999 
-30.044001 47.501999 -31.900000 
-30.044001 47.501999 -31.900000 
-29.986000 48.082001 -31.436001 
-29.521999 48.198002 -31.436001 
-29.521999 48.198002 -31.436001 
-28.768000 49.009998 -30.856001 
-28.768000 49.009998 -30.856001 
-29.464001 50.518002 -30.798000 
-29.464001 50.518002 -30.798000 
-32.770000 51.098000 -30.392000 
-35.959999 52.200001 -28.884001 
-35.959999 52.200001 -28.884001 
-37.700001 54.287998 -28.129999 
-37.700001 54.287998 -28.129999 
-38.512001 55.854000 -25.577999 
-38.512001 55.854000 -25.577999 
-40.425999 58.580002 -24.476000 
-42.514000 60.900002 -21.344000 
-42.514000 60.900002 -21.344000 
-45.066002 62.813999 -18.850000 
-45.066002 62.813999 -18.850000 
-47.096001 63.161999 -16.530001 
-47.096001 63.161999 -16.530001 
-47.966000 64.148003 -15.022000 
-47.908001 63.916000 -15.834000 
-47.908001 63.916000 -15.834000 
-49.416000 62.756001 -15.834000 
-49.416000 62.756001 -15.834000 
-51.967999 60.436001 -16.530001 
-51.967999 60.436001 -16.530001 
-55.099998 58.348000 -16.530001 
-57.419998 56.782001 -16.587999 
-57.419998 56.782001 -16.587999 
-59.507999 55.332001 -16.472000 
-59.507999 55.332001 -16.472000 
-62.001999 53.360001 -15.950000 
-62.001999 53.360001 -15.950000 
-63.683998 50.518002 -15.196000 
-64.727997 49.299999 -14.964000 
-64.727997 49.299999 -14.964000 
-64.727997 49.009998 -15.428000 
-64.727997 49.009998 -15.428000 
-65.598000 47.734001 -15.254000 
-65.598000 47.734001 -15.254000 
-65.713997 45.355999 -16.704000 
-65.945999 43.326000 -18.676001 
-65.945999 43.326000 -18.676001 
-66.178001 41.875999 -18.908001 
-66.178001 41.875999 -18.908001 
-66.526001 40.716000 -18.792000 
-66.236000 39.730000 -18.386000 
-66.120003 39.150002 -19.082001 
-66.120003 39.150002 -19.082001 
-66.641998 38.801998 -19.893999 
-66.641998 38.801998 -19.893999 
-66.874001 37.641998 -20.068001 
-66.874001 37.641998 -20.068001 
-66.236000 37.874001 -20.125999 
-65.540001 38.279999 -20.879999 
-65.540001 38.279999 -20.879999 
-64.321999 39.208000 -21.459999 
-64.321999 39.208000 -21.459999 
-64.148003 40.077999 -21.228001 
-64.148003 40.077999 -21.228001 
-64.902000 41.237999 -19.488001 
-65.540001 42.166000 -18.270000 
-65.540001 42.166000 -18.270000 
-65.365997 44.080002 -18.038000 
-65.365997 44.080002 -18.038000 
-64.612000 46.341999 -17.690001 
-64.612000 46.341999 -17.690001 
-63.625999 49.183998 -16.820000 
-63.858002 50.633999 -16.356001 
-63.858002 50.633999 -16.356001 
-63.799999 50.518002 -15.486000 
-63.799999 50.518002 -15.486000 
-61.827999 50.633999 -17.632000 
-61.827999 50.633999 -17.632000 
-60.726002 51.445999 -18.733999 
-61.596001 50.866001 -16.936001 
-61.596001 50.866001 -16.936001 
-63.568001 50.518002 -15.486000 
-63.568001 50.518002 -15.486000 
-65.482002 48.546001 -13.978000 
-65.482002 48.546001 -13.978000 
-66.526001 45.993999 -13.978000 
-68.730003 43.268002 -12.238000 
-68.730003 43.268002 -12.238000 
-71.050003 39.382000 -10.266000 
-71.050003 39.382000 -10.266000 
-72.094002 36.307999 -8.526000 
-72.094002 36.307999 -8.526000 
-72.442001 33.408001 -8.178000 
-73.601997 30.044001 -7.308000 
-73.601997 30.044001 -7.308000 
-74.008003 28.129999 -5.220000 
-74.008003 28.129999 -5.220000 
-74.704002 26.969999 -3.132000 
-74.529999 26.216000 -1.914000 
-74.529999 26.216000 -1.914000 
-75.225998 24.476000 0.928000 
-75.225998 24.476000 0.928000 
-75.225998 22.794001 4.698000 
-75.225998 22.794001 4.698000 
-75.225998 20.358000 6.960000 
-74.646004 18.559999 9.338000 
-74.646004 18.559999 9.338000 
-73.601997 15.950000 11.194000 
-73.601997 15.950000 11.194000 
-73.428001 13.978000 13.456000 
-73.428001 13.978000 13.456000 
-72.267998 12.702000 14.616000 
-70.933998 10.150000 15.138000 
-70.933998 10.150000 15.138000 
-69.542000 7.192000 14.558000 
-69.542000 7.192000 14.558000 
-68.846001 4.060000 15.080000 
-68.846001 4.060000 15.080000 
-66.410004 2.320000 16.936001 
-64.844002 -0.406000 18.733999 
-64.844002 -0.406000 18.733999 
-62.175999 -2.842000 20.474001 
-62.175999 -2.842000 20.474001 
-57.245998 -6.380000 22.620001 
-57.245998 -6.380000 22.620001 
-51.678001 -9.860000 23.954000 
-47.386002 -11.658000 25.346001 
-47.386002 -11.658000 25.346001 
-42.571999 -12.702000 27.608000 
-42.571999 -12.702000 27.608000 
-36.133999 -13.166000 29.986000 
-36.133999 -13.166000 29.986000 
-29.058001 -12.470000 30.972000 
-22.620001 -12.006000 31.436001 
-22.620001 -12.006000 31.436001 
-16.993999 -10.962000 30.740000 
-16.993999 -10.962000 30.740000 
-11.078000 -9.164000 29.174000 
-11.078000 -9.164000 29.174000 
-5.394000 -6.670000 28.072001 
-1.566000 -4.524000 25.694000 
-1.566000 -4.524000 25.694000 
4.524000 -1.392000 21.982000 
4.524000 -1.392000 21.982000 
9.918000 3.422000 15.544000 
9.918000 3.422000 15.544000 
12.818000 9.164000 8.642000 
12.818000 9.164000 8.642000 
14.442000 12.876000 4.060000 
15.660000 15.776000 3.248000 
15.660000 15.776000 3.248000 
15.660000 17.458000 2.668000 
15.660000 17.458000 2.668000 
15.892000 19.313999 -1.160000 
15.892000 19.313999 -1.160000 
13.920000 21.228001 -4.988000 
14.384000 23.025999 -6.902000 
14.384000 23.025999 -6.902000 
13.862000 24.591999 -7.946000 
13.862000 24.591999 -7.946000 
13.282000 26.622000 -10.150000 
13.282000 26.622000 -10.150000 
12.354000 29.927999 -12.528000 
10.614000 32.422001 -14.036000 
10.614000 32.422001 -14.036000 
9.570000 34.220001 -15.312000 
9.570000 34.220001 -15.312000 
7.946000 36.018002 -16.993999 
7.946000 36.018002 -16.993999 
7.424000 37.874001 -16.124001 
7.598000 39.324001 -16.356001 
7.598000 39.324001 -16.356001 
6.786000 40.484001 -15.834000 
6.786000 40.484001 -15.834000 
7.134000 41.063999 -15.370000 
7.134000 41.063999 -15.370000 
6.032000 42.282001 -15.486000 
5.046000 44.021999 -16.298000 
5.046000 44.021999 -16.298000 
3.712000 45.588001 -17.573999 
3.712000 45.588001 -17.573999 
3.306000 46.110001 -17.747999 
3.306000 46.110001 -17.747999 
2.320000 45.529999 -19.313999 
2.320000 45.529999 -19.313999 
0.464000 46.689999 -19.893999 
0.232000 47.444000 -20.299999 
0.232000 47.444000 -20.299999 
0.870000 46.748001 -19.836000 
-0.116000 46.574001 -20.358000 
-0.116000 46.574001 -20.358000 
0.174000 46.689999 -20.822001 
0.174000 46.689999 -20.822001 
-1.160000 46.284000 -21.459999 
-1.160000 46.284000 -21.459999 
-2.726000 47.560001 -21.634001 
-5.916000 50.576000 -21.634001 
-5.916000 50.576000 -21.634001 
-8.120000 52.953999 -22.156000 
-8.120000 52.953999 -22.156000 
-11.948000 55.506001 -22.736000 
-11.948000 55.506001 -22.736000 
-16.530001 58.638000 -22.098000 
-22.214001 62.060001 -22.271999 
-22.214001 62.060001 -22.271999 
-29.754000 64.031998 -20.184000 
-29.754000 64.031998 -20.184000 
-37.931999 65.250000 -17.922001 
-37.931999 65.250000 -15.950000 
-45.007999 64.959999 -15.950000 
-51.330002 64.206001 -12.006000 
-51.330002 64.206001 -12.006000 
-57.362000 62.292000 -7.888000 
-57.362000 62.292000 -7.888000 
-63.161999 59.450001 -3.944000 
-67.222000 57.014000 2.204000 
-67.222000 57.014000 2.204000 
-69.716003 53.591999 7.830000 
-69.716003 53.591999 7.830000 
-71.339996 49.647999 13.920000 
-71.339996 49.647999 13.920000 
-72.094002 45.762001 18.386000 
-72.674004 41.585999 22.736000 
-72.674004 41.585999 22.736000 
-71.919998 37.641998 27.318001 
-71.919998 37.641998 27.318001 
-70.180000 32.712002 30.914000 
-70.180000 32.712002 30.914000 
-68.150002 28.594000 35.206001 
-65.713997 26.332001 37.584000 
-65.713997 26.332001 37.584000 
-64.206001 25.520000 38.686001 
-64.206001 25.520000 38.686001 
-62.930000 24.882000 39.498001 
-62.930000 24.882000 39.498001 
-61.422001 23.548000 40.889999 
-59.566002 21.982000 43.209999 
-59.566002 21.982000 43.209999 
-57.419998 20.416000 44.021999 
-57.419998 20.416000 44.021999 
-55.099998 19.662001 45.472000 
-55.099998 19.662001 45.472000 
-53.012001 16.878000 46.167999 
-51.271999 15.080000 45.877998 
-51.271999 15.080000 45.877998 
-49.706001 13.920000 46.051998 
-49.706001 13.920000 46.051998 
-48.661999 13.514000 46.167999 
-48.661999 13.514000 46.167999 
-47.327999 13.978000 47.444000 
-44.834000 13.862000 47.212002 
-44.834000 13.862000 47.212002 
-40.773998 12.760000 48.661999 
-40.773998 12.760000 48.661999 
-36.945999 11.890000 49.706001 
-36.945999 11.890000 49.706001 
-33.234001 12.296000 49.938000 
-30.740000 13.398000 49.416000 
-30.740000 13.398000 49.416000 
-26.622000 13.920000 49.647999 
-26.622000 13.920000 49.647999 
-21.054001 14.268000 49.183998 
-21.054001 14.268000 49.183998 
-14.094000 14.848000 47.270000 
-9.280000 15.428000 45.646000 
-9.280000 15.428000 45.646000 
-3.364000 16.587999 42.514000 
-3.364000 16.587999 42.514000 
2.088000 17.400000 39.265999 
2.088000 17.400000 39.265999 
7.424000 17.980000 34.335999 
10.904000 19.198000 28.188000 
10.904000 19.198000 28.188000 
14.326000 20.242001 21.459999 
14.326000 20.242001 21.459999 
16.472000 20.648001 15.718000 
16.472000 20.648001 15.718000 
17.516001 21.750000 10.324000 
17.458000 22.040001 4.466000 
17.458000 22.040001 4.466000 
16.472000 21.924000 -0.870000 
16.472000 21.924000 -0.870000 
15.486000 21.750000 -4.118000 
15.486000 21.750000 -4.118000 
14.616000 21.982000 -6.670000 
13.862000 21.691999 -8.236000 
13.862000 21.691999 -8.236000 
14.210000 21.402000 -8.352000 
14.210000 21.402000 -8.352000 
13.978000 21.228001 -9.338000 
13.978000 21.228001 -9.338000 
13.688000 21.924000 -9.106000 
12.586000 22.445999 -11.310000 
12.586000 22.445999 -11.310000 
12.644000 22.910000 -12.122000 
12.644000 22.910000 -12.122000 
11.716000 23.257999 -13.456000 
11.716000 23.257999 -13.456000 
11.600000 23.837999 -13.630000 
10.788000 25.577999 -15.022000 
10.788000 25.577999 -15.022000 
10.382000 26.158001 -16.298000 
10.382000 26.158001 -16.298000 
9.280000 26.969999 -17.400000 
9.280000 26.969999 -17.400000 
8.700000 27.318001 -17.341999 
9.280000 27.434000 -17.226000 
9.280000 27.434000 -17.226000 
9.396000 28.304001 -17.110001 
9.396000 28.304001 -17.110001 
8.990000 29.348000 -16.878000 
8.932000 31.087999 -16.878000 
8.932000 31.087999 -16.878000 
7.714000 33.698002 -18.038000 
7.714000 33.698002 -18.038000 
4.872000 38.338001 -19.372000 
4.872000 38.338001 -19.372000 
2.320000 43.790001 -19.893999 
-3.654000 48.661999 -20.590000 
-3.654000 48.661999 -20.590000 
-9.222000 54.868000 -20.590000 
-9.222000 54.868000 -20.590000 
-16.356001 60.377998 -19.430000 
-16.356001 60.377998 -19.430000 
-23.896000 64.902000 -16.820000 
-30.566000 68.671997 -13.978000 
-30.566000 68.671997 -13.978000 
-37.236000 69.947998 -8.700000 
-37.236000 69.947998 -8.700000 
-42.571999 70.585999 -5.220000 
-42.571999 70.585999 -5.220000 
-47.966000 70.528000 0.638000 
-51.910000 69.716003 6.206000 
-51.910000 69.716003 6.206000 
-54.577999 67.917999 12.064000 
-54.577999 67.917999 12.064000 
-56.956001 65.830002 17.167999 
-56.956001 65.830002 17.167999 
-58.521999 63.916000 20.648001 
-58.812000 61.132000 24.997999 
-58.812000 61.132000 24.997999 
-59.391998 58.348000 29.290001 
-59.391998 58.348000 29.290001 
-59.276001 55.158001 32.770000 
-59.276001 55.158001 32.770000 
-58.348000 52.316002 35.902000 
-57.362000 48.835999 38.743999 
-57.362000 48.835999 38.743999 
-56.375999 46.689999 40.773998 
-56.375999 46.689999 40.773998 
-55.332001 44.776001 42.571999 
-55.332001 44.776001 42.571999 
-54.636002 42.223999 43.557999 
-54.172001 40.077999 45.298000 
-54.172001 40.077999 45.298000 
-53.765999 38.801998 45.124001 
-53.765999 38.801998 45.124001 
-52.779999 37.816002 46.341999 
-52.779999 37.816002 46.341999 
-52.953999 37.467999 46.922001 
-52.953999 36.076000 47.444000 
-52.953999 36.076000 47.444000 
-51.562000 33.813999 47.618000 
-51.562000 33.813999 47.618000 
-49.938000 30.914000 49.009998 
-49.938000 30.914000 49.009998 
-48.835999 27.202000 49.068001 
-48.546001 24.417999 48.835999 
-48.546001 24.417999 48.835999 
-48.372002 22.910000 48.720001 
-48.372002 22.910000 48.720001 
-48.661999 20.879999 48.198002 
-48.661999 20.879999 48.198002 
-48.139999 18.850000 47.618000 
-47.734001 16.066000 47.501999 
-47.734001 16.066000 47.501999 
-48.023998 13.572000 47.270000 
-48.023998 13.572000 47.270000 
-46.748001 10.556000 46.400002 
-46.748001 10.556000 46.400002 
-47.618000 9.454000 45.588001 
-48.835999 8.294000 44.138000 
-48.835999 8.294000 44.138000 
-49.009998 6.438000 43.152000 
-49.009998 6.438000 43.152000 
-47.444000 4.466000 42.571999 
-45.529999 2.610000 42.514000 
-42.049999 -0.638000 42.456001 
-42.049999 -0.638000 42.456001 
-37.700001 -4.118000 41.006001 
-37.700001 -4.118000 41.006001 
-32.363998 -7.250000 38.917999 
-32.363998 -7.250000 38.917999 
-26.622000 -9.048000 36.945999 
-21.285999 -10.382000 34.335999 
-21.285999 -10.382000 34.335999 
-15.196000 -11.890000 30.101999 
-15.196000 -11.890000 30.101999 
-8.816000 -12.412000 24.534000 
-8.816000 -12.412000 24.534000 
-4.408000 -11.310000 18.966000 
-0.522000 -10.208000 14.790000 
-0.522000 -10.208000 14.790000 
3.422000 -8.526000 8.816000 
3.422000 -8.526000 8.816000 
6.032000 -5.046000 4.350000 
6.032000 -5.046000 4.350000 
8.236000 -1.856000 -0.580000 
8.236000 -1.856000 -0.580000 
8.468000 2.378000 -6.670000 
7.424000 4.234000 -10.092000 
7.424000 4.234000 -10.092000 
5.974000 6.206000 -13.282000 
5.974000 6.206000 -13.282000 
6.438000 8.120000 -15.544000 
6.438000 8.120000 -15.544000 
7.018000 9.918000 -15.544000 
7.308000 8.932000 -13.746000 
7.308000 8.932000 -13.746000 
8.352000 5.858000 -9.222000 
8.352000 5.858000 -9.222000 
8.584000 2.262000 -3.364000 
8.584000 2.262000 -3.364000 
7.714000 -1.798000 5.858000 
7.714000 -1.798000 5.858000 
4.582000 -5.742000 14.036000 
-1.392000 -8.758000 20.299999 
-1.392000 -8.758000 20.299999 
-7.830000 -10.962000 25.520000 
-7.830000 -10.962000 25.520000 
-15.428000 -12.180000 29.290001 
-15.428000 -12.180000 29.290001 
-24.011999 -12.702000 31.726000 
-32.422001 -13.166000 31.610001 
-32.422001 -13.166000 31.610001 
-41.063999 -12.296000 30.856001 
-41.063999 -12.296000 30.856001 
-49.299999 -10.324000 28.768000 
-49.299999 -10.324000 28.768000 
-55.854000 -6.960000 26.448000 
-61.537998 -3.828000 24.186001 
-61.537998 -3.828000 24.186001 
-65.713997 0.406000 21.170000 
-65.713997 0.406000 21.170000 
-69.251999 4.698000 16.878000 
-69.251999 4.698000 16.878000 
-71.514000 7.946000 13.282000 
-72.963997 10.208000 10.092000 
-72.963997 10.208000 10.092000 
-73.718002 12.760000 6.438000 
-73.718002 12.760000 6.438000 
-74.414001 15.254000 4.408000 
-74.414001 15.254000 4.408000 
-74.646004 16.936001 1.740000 
-74.414001 19.139999 0.232000 
-74.414001 19.139999 0.232000 
-74.529999 22.271999 -2.726000 
-74.529999 22.271999 -2.726000 
-73.543999 22.968000 -5.800000 
-73.543999 22.968000 -5.800000 
-73.022003 23.896000 -8.004000 
-72.500000 24.417999 -10.324000 
-72.500000 24.417999 -10.324000 
-71.688004 24.940001 -12.354000 
-71.688004 24.940001 -12.354000 
-71.281998 24.882000 -13.514000 
-71.281998 24.882000 -13.514000 
-70.875999 25.520000 -13.514000 
-70.237999 26.506001 -15.370000 
-70.237999 26.506001 -15.370000 
-68.730003 26.680000 -17.284000 
-68.730003 26.680000 -17.284000 
-62.698002 26.216000 -25.636000 
-62.698002 26.216000 -25.636000 
-46.341999 25.868000 -34.568001 
-39.903999 25.752001 -35.728001 
-39.903999 25.752001 -35.728001 
-40.658001 25.752001 -35.495998 
-40.658001 25.752001 -35.495998 
-37.236000 23.954000 -35.612000 
-37.236000 23.954000 -35.612000 
-35.206001 22.040001 -35.264000 
-35.090000 19.372000 -35.147999 
-35.090000 19.372000 -35.147999 
-37.526001 18.559999 -34.799999 
-37.526001 18.559999 -34.799999 
-37.293999 17.052000 -34.742001 
-37.293999 17.052000 -34.742001 
-32.306000 14.268000 -34.858002 
-25.346001 10.904000 -33.234001 
-25.346001 10.904000 -33.234001 
-19.024000 7.366000 -29.754000 
-19.024000 7.366000 -29.754000 
-11.426000 5.104000 -25.462000 
-11.426000 5.104000 -25.462000 
-3.828000 0.986000 -17.864000 
0.348000 -3.074000 -7.192000 
0.348000 -3.074000 -7.192000 
0.928000 -6.786000 6.670000 
0.928000 -6.786000 6.670000 
-3.132000 -9.338000 13.514000 
-3.132000 -9.338000 13.514000 
-4.872000 -11.832000 11.252000 
-7.366000 -12.760000 7.946000 
-7.366000 -12.760000 7.946000 
-8.526000 -13.224000 7.076000 
-8.526000 -13.224000 7.076000 
-8.004000 -13.804000 6.844000 
-8.004000 -13.804000 6.844000 
-7.714000 -13.398000 8.236000 
-7.830000 -13.456000 11.948000 
-7.830000 -13.456000 11.948000 
-8.700000 -13.282000 15.892000 
-8.700000 -13.282000 15.892000 
-7.830000 -12.528000 17.864000 
-7.830000 -12.528000 17.864000 
-5.278000 -10.556000 20.474001 
-2.436000 -7.250000 21.982000 
-2.436000 -7.250000 21.982000 
3.248000 -1.856000 23.606001 
3.248000 -1.856000 23.606001 
5.452000 5.510000 25.230000 
5.452000 5.510000 25.230000 
7.830000 11.890000 27.260000 
7.830000 11.890000 27.260000 
8.642000 18.038000 28.014000 
9.280000 23.896000 28.014000 
9.280000 23.896000 28.014000 
8.004000 29.870001 29.058001 
8.004000 29.870001 29.058001 
6.380000 35.669998 31.261999 
6.380000 35.669998 31.261999 
4.872000 40.658001 31.610001 
1.856000 44.138000 32.537998 
1.856000 44.138000 32.537998 
-2.204000 46.284000 34.625999 
-2.204000 46.284000 34.625999 
-5.974000 47.734001 37.874001 
-5.974000 46.980000 39.846001 
-9.686000 46.980000 39.846001 
-14.442000 46.400002 42.397999 
-14.442000 46.400002 42.397999 
-18.618000 46.515999 45.124001 
-18.618000 46.515999 45.124001 
-20.184000 45.414001 45.472000 
-19.024000 45.762001 45.762001 
-19.024000 45.762001 45.762001 
-18.618000 45.762001 44.950001 
-18.618000 45.762001 44.950001 
-16.761999 45.529999 44.660000 
-16.761999 45.529999 44.660000 
-15.602000 45.588001 43.848000 
-14.964000 45.588001 43.557999 
-14.964000 45.588001 43.557999 
-14.268000 44.312000 43.848000 
-14.268000 44.312000 43.848000 
-14.732000 43.326000 44.369999 
-14.732000 43.326000 44.369999 
-14.268000 41.411999 45.181999 
-14.848000 40.077999 46.284000 
-14.848000 40.077999 46.284000 
-17.690001 37.874001 48.023998 
-17.690001 37.874001 48.023998 
-21.634001 36.192001 49.009998 
-21.634001 36.192001 49.009998 
-26.622000 34.452000 50.285999 
-29.290001 32.074001 49.880001 
-29.290001 32.074001 49.880001 
-30.740000 29.927999 50.518002 
-30.740000 29.927999 50.518002 
-33.001999 28.188000 51.910000 
-33.001999 28.188000 51.910000 
-34.278000 25.868000 51.330002 
-34.683998 24.128000 50.459999 
-34.683998 24.128000 50.459999 
-34.973999 22.040001 50.576000 
-34.973999 22.040001 50.576000 
-34.220001 20.590000 50.924000 
-34.220001 20.590000 50.924000 
-32.537998 18.559999 52.026001 
-31.087999 15.486000 50.750000 
-31.087999 15.486000 50.750000 
-29.464001 12.818000 49.532001 
-29.464001 12.818000 49.532001 
-27.086000 10.672000 49.821999 
-27.086000 10.672000 49.821999 
-26.680000 9.106000 49.068001 
-25.403999 8.410000 48.952000 
-25.403999 8.410000 48.952000 
-23.954000 8.758000 48.256001 
-23.954000 8.758000 48.256001 
-24.186001 8.526000 48.894001 
-24.186001 8.526000 48.894001 
-24.128000 9.222000 49.590000 
-23.431999 9.454000 48.835999 
-23.431999 9.454000 48.835999 
-23.025999 9.048000 48.778000 
-23.025999 9.048000 48.778000 
-21.982000 8.236000 48.198002 
-21.982000 8.236000 48.198002 
-21.170000 7.772000 47.908001 
-22.504000 9.396000 49.416000 
-22.504000 9.396000 49.416000 
-22.388000 11.890000 50.402000 
-22.388000 11.890000 50.402000 
-21.750000 14.152000 50.402000 
-21.750000 14.152000 50.402000 
-21.170000 15.950000 50.459999 
-20.996000 17.284000 50.750000 
-20.996000 17.284000 50.750000 
-20.184000 18.908001 50.692001 
-20.184000 18.908001 50.692001 
-20.358000 21.865999 50.692001 
-20.358000 21.865999 50.692001 
-19.778000 26.448000 51.155998 
-20.996000 33.118000 51.388000 
-20.996000 33.118000 51.388000 
-22.040001 40.310001 50.285999 
-22.040001 40.310001 50.285999 
-24.882000 45.124001 48.720001 
-24.882000 45.124001 48.720001 
-28.884001 49.242001 47.037998 
-32.015999 53.939999 44.138000 
-32.015999 53.939999 44.138000 
-35.438000 59.160000 40.542000 
-35.438000 59.160000 40.542000 
-39.150002 62.349998 36.945999 
-39.150002 62.349998 36.945999 
-42.862000 64.321999 33.408001 
-46.748001 64.669998 30.681999 
-46.748001 64.669998 30.681999 
-49.125999 65.017998 28.014000 
-49.125999 65.017998 28.014000 
-51.330002 66.061996 23.954000 
-51.330002 66.061996 23.954000 
-53.650002 66.003998 20.125999 
-56.259998 66.061996 17.458000 
-56.259998 66.061996 17.458000 
-58.057999 65.134003 14.906000 
-58.057999 65.134003 14.906000 
-60.029999 64.321999 11.890000 
-62.060001 62.813999 8.642000 
-62.060001 62.813999 8.642000 
-63.625999 60.784000 6.206000 
-63.625999 60.784000 6.206000 
-65.017998 58.405998 3.596000 
-65.017998 58.405998 3.596000 
-65.830002 56.956001 1.740000 
-67.047997 55.158001 0.696000 
-67.047997 55.158001 0.696000 
-68.150002 52.548000 -3.074000 
-68.150002 52.548000 -3.074000 
-68.498001 50.518002 -6.206000 
-68.498001 50.518002 -6.206000 
-69.078003 46.689999 -9.454000 
-68.671997 42.978001 -12.876000 
-68.671997 42.978001 -12.876000 
-66.931999 39.150002 -17.632000 
-66.931999 39.150002 -17.632000 
-64.496002 37.410000 -21.808001 
-64.496002 37.410000 -21.808001 
-62.756001 35.380001 -24.708000 
-59.391998 33.466000 -27.549999 
-59.391998 33.466000 -27.549999 
-57.071999 31.436001 -29.232000 
-57.071999 31.436001 -29.232000 
-56.666000 27.898001 -29.754000 
-56.666000 27.898001 -29.754000 
-55.911999 24.186001 -30.044001 
-55.216000 21.285999 -29.754000 
-55.216000 21.285999 -29.754000 
-53.417999 20.184000 -30.972000 
-53.417999 20.184000 -30.972000 
-52.838001 17.747999 -30.507999 
-52.838001 17.747999 -30.507999 
-52.779999 13.572000 -29.986000 
-53.012001 11.078000 -29.348000 
-53.012001 11.078000 -29.348000 
-52.605999 9.106000 -28.535999 
-52.605999 9.106000 -28.535999 
-52.838001 7.482000 -28.304001 
-52.838001 7.482000 -28.304001 
-53.476002 5.974000 -26.912001 
-54.520000 4.814000 -26.158001 
-54.520000 4.814000 -26.158001 
-55.448002 4.466000 -25.403999 
-55.448002 4.466000 -25.403999 
-55.389999 4.582000 -25.462000 
-55.389999 4.582000 -25.462000 
-55.622002 4.176000 -25.230000 
-54.984001 3.712000 -26.042000 
-54.984001 3.712000 -26.042000 
-55.042000 3.886000 -26.506001 
-55.042000 3.886000 -26.506001 
-55.622002 4.234000 -26.389999 
-55.622002 4.234000 -26.389999 
-55.389999 4.292000 -26.622000 
-55.332001 5.336000 -26.389999 
-55.332001 5.336000 -26.389999 
-55.448002 5.626000 -26.969999 
-55.448002 5.626000 -26.969999 
-55.332001 5.046000 -26.274000 
-55.332001 5.684000 -26.506001 
-55.563999 5.916000 -27.143999 
-55.563999 5.916000 -27.143999 
-56.144001 5.858000 -26.622000 
-56.144001 5.858000 -26.622000 
-56.085999 5.916000 -27.143999 
-56.085999 5.916000 -27.143999 
-55.854000 5.800000 -27.143999 
-56.028000 5.800000 -27.549999 
-56.028000 5.800000 -27.549999 
-56.492001 5.800000 -27.143999 
-56.492001 5.800000 -27.143999 
-57.014000 5.104000 -26.506001 
-57.014000 5.104000 -26.506001 
-57.883999 5.104000 -24.766001 
-58.057999 4.408000 -23.896000 
-58.057999 4.408000 -23.896000 
-60.493999 5.336000 -22.271999 
-60.493999 5.336000 -22.271999 
-62.872002 6.322000 -21.112000 
-62.872002 6.322000 -21.112000 
-63.509998 6.496000 -19.430000 
-63.335999 4.756000 -17.167999 
-63.335999 4.756000 -17.167999 
-63.394001 3.422000 -15.312000 
-63.394001 3.422000 -15.312000 
-64.089996 2.204000 -13.108000 
-64.089996 2.204000 -13.108000 
-65.250000 1.276000 -9.338000 
-65.655998 -0.754000 -5.974000 
-65.655998 -0.754000 -5.974000 
-65.772003 -2.320000 -1.218000 
-65.772003 -2.320000 -1.218000 
-64.844002 -3.886000 3.306000 
-64.844002 -3.886000 3.306000 
-64.496002 -5.104000 7.308000 
-63.858002 -5.278000 10.208000 
-63.858002 -5.278000 10.208000 
-63.046001 -5.220000 14.094000 
-63.046001 -5.220000 14.094000 
-61.422001 -5.684000 19.082001 
-61.422001 -5.684000 19.082001 
-59.334000 -5.684000 25.346001 
-56.723999 -3.770000 30.392000 
-56.723999 -3.770000 30.392000 
-54.810001 -1.914000 33.466000 
-54.810001 -1.914000 33.466000 
-52.779999 0.058000 37.119999 
-50.866001 2.494000 39.962002 
-50.866001 2.494000 39.962002 
-49.647999 4.002000 41.875999 
-49.647999 4.002000 41.875999 
-49.068001 6.264000 43.383999 
-49.068001 6.264000 43.383999 
-48.139999 8.468000 44.428001 
-48.198002 10.962000 44.891998 
-48.198002 10.962000 44.891998 
-46.980000 12.412000 46.515999 
-46.980000 12.412000 46.515999 
-46.632000 15.138000 47.908001 
-46.632000 15.138000 47.908001 
-45.936001 18.038000 48.661999 
-46.110001 20.184000 48.372002 
-46.110001 20.184000 48.372002 
-44.891998 22.736000 48.952000 
-44.891998 22.736000 48.952000 
-44.195999 25.926001 49.358002 
-44.195999 25.926001 49.358002 
-43.035999 28.709999 50.112000 
-42.456001 30.914000 50.169998 
-42.456001 30.914000 50.169998 
-41.237999 33.234001 49.995998 
-41.237999 33.234001 49.995998 
-40.194000 34.799999 50.054001 
-40.194000 34.799999 50.054001 
-38.453999 36.540001 50.228001 
-37.757999 38.686001 49.068001 
-37.757999 38.686001 49.068001 
-35.264000 40.948002 48.487999 
-35.264000 40.948002 48.487999 
-33.930000 41.818001 48.835999 
-33.930000 41.818001 48.835999 
-32.015999 43.383999 49.068001 
-31.204000 43.731998 49.068001 
-31.204000 43.731998 49.068001 
-30.507999 42.919998 49.125999 
-30.507999 42.919998 49.125999 
-31.436001 40.136002 49.821999 
-31.436001 40.136002 49.821999 
-32.422001 37.119999 50.402000 
-33.930000 33.466000 51.098000 
-33.930000 33.466000 51.098000 
-33.987999 30.044001 50.750000 
-33.987999 30.044001 50.750000 
-34.858002 27.260000 51.562000 
-34.858002 27.260000 51.562000 
-33.930000 26.274000 51.619999 
-33.234001 25.752001 51.852001 
-33.234001 25.752001 51.852001 
-31.784000 26.158001 51.910000 
-31.784000 26.158001 51.910000 
-31.493999 25.983999 51.214001 
-31.493999 25.983999 51.214001 
-30.856001 27.318001 51.388000 
-30.044001 28.420000 52.026001 
-30.044001 28.420000 52.026001 
-29.870001 31.261999 51.271999 
-29.870001 31.261999 51.271999 
-29.870001 33.872002 50.228001 
-29.870001 33.872002 50.228001 
-30.392000 36.366001 50.054001 
-30.218000 40.310001 49.590000 
-30.218000 40.310001 49.590000 
-30.507999 44.369999 48.082001 
-30.507999 44.369999 48.082001 
-30.566000 48.023998 45.936001 
-30.566000 48.023998 45.936001 
-31.030001 51.445999 44.486000 
-31.552000 53.824001 42.282001 
-31.552000 53.824001 42.282001 
-32.480000 56.259998 40.889999 
-32.480000 56.259998 40.889999 
-33.001999 58.521999 38.917999 
-33.001999 58.521999 38.917999 
-34.452000 61.015999 36.655998 
-36.076000 61.886002 33.698002 
-36.076000 61.886002 33.698002 
-37.816002 63.335999 32.248001 
-37.816002 63.335999 32.248001 
-39.613998 65.134003 30.566000 
-39.613998 65.134003 30.566000 
-41.180000 65.250000 28.478001 
-42.514000 65.424004 27.434000 
-42.514000 65.424004 27.434000 
-43.500000 64.844002 28.188000 
-43.500000 64.844002 28.188000 
-43.035999 63.394001 30.856001 
-43.035999 63.394001 30.856001 
-41.006001 61.015999 34.742001 
-39.439999 56.666000 39.672001 
-39.439999 56.666000 39.672001 
-37.931999 50.228001 45.240002 
-37.931999 50.228001 45.240002 
-36.133999 41.470001 48.894001 
-36.133999 41.470001 48.894001 
-35.554001 31.030001 50.633999 
-36.830002 19.082001 49.473999 
-36.830002 19.082001 49.473999 
-41.992001 7.366000 44.254002 
-41.992001 7.366000 44.254002 
-47.792000 -1.740000 37.178001 
-54.403999 -4.756000 27.955999 
-54.403999 -4.756000 27.955999 
-59.914001 -4.118000 21.518000 
-59.914001 -4.118000 21.518000 
-64.902000 -1.682000 14.442000 
-64.902000 -1.682000 14.442000 
-68.846001 4.350000 8.120000 
-71.223999 9.454000 2.552000 
-71.223999 9.454000 2.552000 
-71.629997 15.196000 -4.350000 
-71.629997 15.196000 -4.350000 
-70.818001 19.893999 -8.990000 
-70.818001 19.893999 -8.990000 
-68.730003 23.606001 -14.790000 
-64.379997 27.318001 -20.532000 
-64.379997 27.318001 -20.532000 
-58.580002 30.507999 -25.114000 
-58.580002 30.507999 -25.114000 
-51.967999 34.452000 -29.232000 
-51.967999 34.452000 -29.232000 
-45.472000 40.020000 -30.972000 
-39.150002 43.790001 -31.087999 
-39.150002 43.790001 -31.087999 
-34.161999 46.632000 -30.334000 
-34.161999 46.632000 -30.334000 
-29.695999 49.242001 -28.652000 
-29.695999 49.242001 -28.652000 
-25.403999 53.012001 -26.738001 
-22.214001 55.737999 -23.606001 
-22.214001 55.737999 -23.606001 
-20.010000 58.521999 -20.590000 
-20.010000 58.521999 -20.590000 
-17.922001 60.262001 -18.733999 
-17.922001 60.262001 -18.733999 
-15.602000 60.320000 -16.646000 
-11.716000 60.610001 -14.674000 
-11.716000 60.610001 -14.674000 
-9.106000 60.900002 -12.586000 
-9.106000 60.900002 -12.586000 
-7.772000 61.306000 -9.570000 
-7.772000 61.306000 -9.570000 
-6.322000 62.872002 -5.858000 
-4.930000 62.813999 -3.712000 
-4.930000 62.813999 -3.712000 
-3.654000 62.813999 -0.696000 
-3.654000 62.813999 -0.696000 
-1.914000 61.944000 3.132000 
-1.914000 61.944000 3.132000 
0.232000 60.551998 6.322000 
2.552000 58.521999 10.730000 
2.552000 58.521999 10.730000 
3.596000 56.144001 15.370000 
3.596000 56.144001 15.370000 
4.234000 53.012001 19.604000 
4.234000 53.012001 19.604000 
4.292000 50.981998 23.084000 
3.886000 49.473999 25.809999 
3.886000 49.473999 25.809999 
3.016000 48.198002 29.464001 
3.016000 48.198002 29.464001 
2.030000 46.632000 32.422001 
2.030000 46.632000 32.422001 
-1.740000 45.240002 36.250000 
-5.104000 44.021999 39.150002 
-5.104000 44.021999 39.150002 
-7.250000 42.688000 41.759998 
-7.250000 42.688000 41.759998 
-8.526000 41.296001 42.571999 
-8.526000 41.296001 42.571999 
-11.020000 40.484001 44.369999 
-14.268000 39.787998 46.284000 
-14.268000 39.787998 46.284000 
-16.820000 38.627998 47.501999 
