-0.024147 -0.277488 -11.083230 
0.002559 -0.824726 -10.663168 
-0.116462 -4.194425 -10.197659 
-2.237118 -7.720644 -7.425852 
-2.593463 -9.127444 -4.851768 
-3.205277 -10.141314 -2.106188 
-2.894645 -8.658099 5.900534 
-3.322011 -6.678651 8.337678 
-2.946730 -5.696805 8.508366 
-1.858123 -4.735691 9.245684 
0.710109 0.898035 10.829529 
-1.269162 -1.146152 10.770576 
-2.189734 0.427362 11.056211 
-2.318085 4.172165 9.789193 
-4.109955 -5.723382 8.906528 
-2.327472 -10.538436 1.204744 
0.754388 -8.801062 -5.966998 
1.663401 2.805411 -10.502283 
1.686000 6.252303 -9.231524 
1.091467 9.157398 -6.821663 
-0.252886 10.462089 -2.668060 
-0.722834 12.125054 -0.178514 
-1.240657 5.393042 9.782641 
1.654262 -1.359970 11.224760 
2.649457 -8.504008 6.127569 
1.340224 -9.690921 -6.044636 
-2.938087 0.534020 10.102659 
-0.341960 3.563589 12.077846 
-3.730681 -3.164970 10.031742 
-0.787094 -0.348985 11.401422 
-7.815592 -1.119121 9.010936 
-8.726056 -1.563740 6.005772 
-10.240770 -1.161618 -2.109787 
0.773301 -0.893655 -11.043609 
7.751234 -0.918755 -7.490295 
9.987266 -0.751574 2.482323 
7.635623 -1.561603 6.941087 
4.057527 -3.010114 9.492235 
-1.075650 -2.684418 10.621668 
-5.562881 -1.662287 9.257359 
-8.966432 -3.051808 4.853642 
-9.528267 -2.612000 -0.485909 
-5.767298 -3.467162 -7.553091 
7.485100 -2.768329 -6.400499 
8.364583 -0.949009 -6.824543 
6.906879 -3.025523 -8.039234 
6.738180 0.975115 -8.301676 
9.282208 2.066769 3.877718 
-3.170125 -2.478619 10.064051 
-8.958623 -3.678205 1.748952 
-10.167701 -0.739216 -2.924656 
-3.858844 -1.738599 -9.747169 
4.907544 -1.027235 -9.493281 
9.818162 0.389677 -4.292117 
10.682888 0.679630 0.887711 
6.658768 4.313874 7.856520 
-7.382377 5.073486 6.984396 
6.893055 6.172592 4.901133 
4.698628 1.706933 -8.959846 
-9.367290 -2.636867 3.964080 
5.761847 -2.086295 8.439541 
-0.830688 -1.239071 10.507822 
4.317569 -0.017101 9.337266 
2.414654 -2.333725 11.063586 
0.269895 -3.090725 10.728126 
1.887299 -2.990189 10.287359 
9.155986 -3.162066 -2.528684 
3.452628 -1.918005 -10.115587 
5.583120 -1.641039 -9.141077 
-4.281858 -2.270333 -9.713404 
-10.022846 -2.904258 -3.278336 
-9.329708 -2.949368 3.491314 
-3.907416 0.067563 9.342825 
-6.835854 -5.805905 6.020069 
-7.094065 -7.016524 -3.377781 
-8.071373 -4.416498 -6.613772 
-6.337133 -3.189467 -13.112129 
1.960336 -5.183789 8.239080 
-0.892437 -0.731728 11.176832 
-1.025753 -4.709097 9.762522 
-2.318572 -1.401394 10.386241 
-3.772624 -1.073026 10.398854 
-3.957819 -0.934904 10.408982 
-3.705203 -1.636576 9.530862 
-3.463625 0.820660 9.725413 
-6.045533 -0.628175 8.706093 
-10.066772 0.577452 4.454937 
-8.699791 -0.101981 -5.908787 
3.401185 -0.624230 -10.558501 
10.489777 0.473663 1.467513 
3.804158 0.051456 10.578048 
-10.233330 -0.803435 3.572886 
-0.846974 -0.028750 10.868332 
11.071478 -0.413398 -1.129032 
5.124308 0.902252 -9.768475 
-5.819896 1.060022 -9.140397 
-8.441574 1.073289 -5.640374 
-2.988233 -1.968904 10.420097 
0.162738 -3.364516 10.201587 
-3.574860 -2.608933 9.446432 
-1.109873 -2.671215 10.060484 
-4.729640 -3.087246 9.850229 
2.450370 -7.297457 7.230393 
7.142374 -4.340306 5.646826 
8.934936 -1.804713 4.526649 
9.173780 2.271147 3.256308 
4.511623 8.003867 5.929513 
-4.289628 7.809729 6.104388 
-2.023960 8.478947 6.473130 
-2.054727 8.582526 6.504749 
-1.286294 8.401733 6.958738 
-0.734455 7.948536 7.053265 
-3.268694 6.045829 8.923420 
0.750215 1.903686 11.171415 
5.390075 -5.668776 6.828170 
5.556721 -8.478861 3.211946 
5.131958 -7.764497 -5.405954 
-4.488668 3.355678 -6.998387 
-9.177269 5.750506 2.782810 
-7.691325 2.910166 6.014572 
-9.534588 3.411026 3.414716 
-8.577247 2.936406 -4.168154 
0.819205 -1.306679 -10.545435 
8.484697 0.450013 -6.402088 
9.664557 3.579063 3.211743 
3.682482 5.384423 7.424814 
2.010656 2.454029 10.490738 
-5.869385 -8.824396 3.191224 
-5.196453 -1.393465 -8.888879 
0.860260 8.919325 -6.903882 
7.792232 7.378609 3.962637 
5.865394 5.840327 -5.887589 
2.856941 0.588584 -10.358978 
-1.378216 10.357946 -3.042611 
2.147928 9.814171 -2.721225 
9.682918 3.022683 -4.149985 
.621339 -0.847169 -10.785179 
-3.693542 3.753187 -9.664704 
-6.334898 6.459356 -1.219076 
-5.119229 2.308594 8.242363 
3.770621 1.772750 8.043477 
9.441571 2.915780 0.538010 
8.657801 4.411098 -4.622855 
.199853 3.036336 -10.218944 
2.002316 -1.296789 -10.713786 
-5.859315 0.368830 -10.188473 
9.126263 5.024870 -1.973193 
7.642874 -0.038393 -7.379138 
4.820569 -2.623743 -9.503378 
-1.294197 -9.056198 -5.946142 
-6.192771 -8.165851 -0.758976 
-7.599409 -4.863249 -5.793721 
3.900646 -0.657697 -9.976795 
11.427213 1.016627 0.894881 
8.323939 -5.315123 -3.083818 
5.547803 -0.917692 -9.187220 
-2.702057 -1.337407 -10.779472 
-4.429256 4.446903 -9.867854 
9.056386 4.789865 3.148664 
7.474168 -1.589116 7.570813 
6.224257 -4.724345 6.887664 
5.466603 -4.496131 6.573602 
6.721426 -4.535453 7.318336 
6.554410 -7.307849 3.672940 
-3.294975 -8.431198 6.261925 
-8.106778 -6.243225 3.702872 
-4.691530 -9.489819 -1.648276 
2.598027 -2.811244 -9.733146 
-1.677149 -3.267243 -7.743561 
-5.148692 -4.288202 -9.032697 
3.435678 -8.019421 -5.600960 
-4.589915 -9.244257 -1.394803 
-9.497640 -2.626659 -3.328789 
-9.843736 5.449667 -1.568052 
-9.789456 1.834819 -1.541445 
-5.069569 1.521368 9.871471 
0.222974 -3.008481 10.704910 
6.574864 -3.869203 7.622507 
7.173149 -3.047381 7.245690 
7.600104 -3.774695 4.813556 
7.897122 -3.464090 6.147798 
6.511459 2.027662 6.810763 
4.017105 -3.993574 9.430983 
5.030465 -1.928853 -9.762980 
-8.793018 2.791099 -4.061760 
-6.716899 -7.481631 5.848801 
4.148633 -9.310544 -1.806113 
2.155307 -1.449935 -11.099827 
-2.510526 4.342313 -10.006877 
9.371478 4.831100 -2.126894 
6.860352 0.937775 6.289985 
-7.448667 -1.521638 7.903852 
-9.416197 4.168394 2.396473 
0.814183 -0.822708 10.862802 
6.390064 -8.777769 0.670661 
0.913611 -6.832890 -7.980774 
-0.773588 -7.413734 8.292323 
-0.359244 -6.956325 8.282630 
-0.511726 -7.238462 8.030701 
0.907539 -9.616971 -0.200612 
-0.202217 -3.362876 -9.724256 
10.912173 2.555673 2.248322 
1.687313 -2.843111 9.999045 
-9.658211 -3.238180 1.590389 
-9.384591 -1.923249 -5.994481 
0.407121 10.206581 5.207875 
10.986071 1.113649 4.114334 
10.484192 -0.792948 3.003658 
0.015211 -9.859406 4.628744 
4.070483 -4.431181 -3.055880 
6.095621 -4.753553 -7.284018 
2.519369 -3.713920 -8.877592 
-3.383175 -5.808356 -7.676230 
-8.903844 -5.333418 0.689290 
-8.642158 -5.593837 6.225259 
-1.600654 -6.904414 9.811120 
4.465278 -6.586562 7.195057 
6.564990 -7.137007 3.500614 
-0.113211 -9.408290 4.250891 
-0.875140 -4.834395 10.199192 
-6.322412 -1.553311 10.234714 
-10.366544 1.118571 -1.562025 
-7.577983 -4.149772 -5.815332 
-8.401683 -6.390073 3.107564 
-5.387142 -3.787256 5.283350 
-0.847821 -2.195051 8.497773 
2.948581 -5.036815 -9.360104 
-6.589873 -7.626948 3.966994 
-4.404877 -4.972048 7.678228 
0.707902 -9.843311 -1.703299 
-4.840539 -8.786885 3.999070 
4.949368 -7.782382 -5.509679 
9.426934 -1.822820 -1.465792 
7.640404 1.297777 8.381611 
4.631549 -0.094890 10.179622 
-1.903163 -1.332495 11.010025 
1.299566 -0.095925 10.459612 
2.528284 2.667770 10.605700 
4.335477 3.383618 9.235725 
4.603137 3.570645 9.474296 
4.054316 3.638896 9.357950 
2.614226 5.615807 7.836991 
3.178546 0.121957 10.298631 
1.600585 -9.268931 4.081532 
-6.787425 -5.910608 -5.948164 
-2.190390 -4.576938 -9.605097 
8.785805 -2.915366 2.948667 
-8.431121 2.533553 6.999600 
.584745 -1.865275 4.163446 
-5.727951 -7.750176 -3.669924 
4.304519 -6.787431 -7.696935 
4.944746 -2.124256 -9.872426 
0.707947 -5.143746 -8.627840 
0.447717 -5.319920 -9.386553 
0.302418 -9.690049 -4.755544 
-3.054382 -6.931405 7.649406 
-2.147977 -9.325506 -5.935844 
5.578730 -6.307183 -5.977417 
10.193304 -1.078417 3.262668 
-7.503206 -5.823107 -0.938334 
1.507475 -6.424717 8.612862 
-1.648859 -6.418817 8.016756 
-5.131406 -5.086554 -7.689615 
-0.599069 3.635619 -10.672622 
4.197364 6.908679 -6.911394 
1.434941 0.374118 -10.874604 
2.646301 0.230824 11.344584 
0.059985 0.142012 11.004747 
