0.238510 0.428830 9.849060 
0.270230 0.385520 9.827100 
-3.805790 -1.615890 8.477170 
-4.559750 -2.671800 7.956840 
-3.660610 -3.409290 8.261840 
-2.768790 -3.640480 8.415560 
-0.322690 -5.544290 8.254520 
0.678320 -6.554450 7.049770 
0.994300 -7.356600 6.375110 
1.861720 -8.635160 3.585580 
1.678720 -9.228690 1.908080 
1.684820 -9.409860 0.291580 
1.711050 -9.446460 -0.816790 
1.121180 -8.759600 -3.656950 
1.086410 -8.039800 -5.176460 
1.076040 -7.474330 -5.928590 
1.042490 -6.895440 -6.641070 
0.667340 -4.270000 -8.631500 
0.632570 -2.711450 -9.365940 
0.121390 -1.356030 -9.585540 
-0.104310 -0.349530 -9.982650 
-0.195810 1.850740 -9.654470 
0.821060 3.003640 -10.114410 
0.310490 2.601040 -9.707540 
1.525610 4.179720 -8.784610 
2.665700 5.921270 -7.886690 
4.298060 8.482660 -3.801520 
3.905220 9.494650 -1.711660 
2.622390 9.889930 1.651270 
2.550410 9.878340 2.959110 
1.976400 9.731330 4.323680 
0.658190 7.885470 6.485520 
0.412970 7.345010 6.860670 
0.151280 6.304350 7.962330 
-0.217160 5.149620 8.638820 
-0.457500 3.277530 9.423280 
-0.558760 2.102670 9.694120 
0.767380 2.009340 9.880170 
2.800510 1.745210 9.465980 
4.919040 0.026230 8.756550 
5.832820 -0.375150 8.296610 
7.227280 -0.173850 7.402960 
9.932630 0.027450 1.527440 
10.254100 0.045750 -0.459330 
9.821000 -0.296460 -2.763300 
9.258580 -0.669170 -3.797860 
8.945040 -0.522770 -4.732990 
7.847650 -0.553880 -6.615450 
6.708170 -0.577670 -7.760420 
6.008500 -0.504470 -8.059930 
4.758610 -0.560590 -8.663830 
1.299910 -0.279380 -9.812460 
0.419680 0.171410 -10.055240 
-1.404830 -0.359290 -9.652030 
-4.422500 -0.329400 -8.870010 
-5.774260 -0.319640 -7.165670 
-8.330160 -0.189100 -5.802930 
-9.211610 -0.600240 -2.439390 
-9.567240 -0.533140 0.754570 
-9.033490 -0.497760 3.274480 
-7.864730 -0.375760 5.454620 
-4.562190 -0.614880 8.472290 
-1.362130 -0.350750 9.587980 
1.489010 -0.595970 9.652030 
1.044320 -0.517890 9.817340 
5.161210 -0.888160 8.372860 
6.601420 -3.166510 6.818580 
7.273030 -3.997940 5.553440 
7.630490 -4.979430 4.433480 
7.891570 -5.530870 3.139670 
7.507270 -6.276900 1.595760 
7.233990 -6.861890 1.081530 
7.235820 -6.906420 -0.331840 
7.314510 -6.669130 -1.401780 
7.085760 -6.155510 -3.289120 
7.032690 -5.574790 -4.585980 
6.614230 -5.248440 -5.366780 
5.477800 -4.537790 -6.802720 
3.461140 -3.699650 -8.547930 
2.063630 -3.598390 -8.616860 
-1.811700 -4.011360 -8.361270 
-5.056900 -4.922090 -6.377550 
-7.225450 -5.002610 -3.628280 
-7.742730 -4.964790 -2.163670 
-7.701250 -5.557100 -1.973960 
-7.583520 -5.219770 2.420480 
-6.503210 -5.260640 4.820220 
-4.579880 -5.340550 6.514190 
-0.100040 -5.801100 7.468230 
5.386300 -5.677270 5.572960 
7.920850 -5.972510 2.572370 
3.170780 -8.444230 1.965420 
0.976610 -8.563180 4.210830 
-2.543700 -7.740900 4.881220 
-5.519280 -7.180310 2.579690 
-6.289100 -6.629480 1.385310 
-5.432050 -7.227280 -2.466840 
-3.075620 -7.495680 -4.821440 
-0.283650 -7.571930 -5.792560 
3.627670 -7.155300 -5.457670 
5.383250 -8.213040 1.072990 
-3.688670 -8.000150 3.469070 
-2.246020 -7.228500 -5.797440 
-0.606340 -7.578640 -5.854780 
0.051850 -7.175430 -6.184790 
2.831620 -8.145330 -3.776510 
4.340760 -8.275260 -2.657770 
5.075810 -8.310640 -0.247050 
0.515450 -8.721170 3.980860 
0.435540 -8.753500 1.658590 
1.145580 -8.905390 3.273870 
0.253760 -8.807790 3.241540 
-0.339770 -7.854360 5.806590 
0.922930 -7.928170 6.294590 
0.661240 -7.014390 6.318380 
-0.379420 -8.522310 4.587810 
0.757620 -8.996280 3.658170 
0.674050 -9.043250 2.325320 
1.721420 -8.895020 3.100020 
3.780780 -8.216700 3.588630 
4.381630 -7.728090 3.730760 
4.518270 -6.383040 5.859660 
3.724050 -6.999140 5.904800 
1.893440 -7.262660 5.544900 
-0.566690 -9.053620 3.084770 
-3.661220 -7.927560 5.737050 
1.058960 -9.489160 1.294420 
1.024190 -9.549550 -0.715530 
0.489220 -9.065820 -0.417850 
3.261060 -8.751670 -2.206370 
0.660630 -6.519070 -7.203490 
-1.039440 -3.867400 -8.138620 
-0.305000 -1.989210 -8.921250 
1.474370 -2.579690 -9.466590 
2.540040 -0.932690 -9.485500 
2.501610 -0.894260 -9.492820 
2.536990 -0.942450 -9.509900 
2.532720 -0.968070 -9.492820 
2.535770 -0.988200 -9.502580 
2.510150 -0.976610 -9.472080 
2.532720 -0.982710 -9.470860 
2.529060 -0.990030 -9.481840 
2.511980 -1.007720 -9.495260 
2.545530 -0.999180 -9.497090 
2.524790 -0.994300 -9.484280 
2.526010 -1.008330 -9.475740 
2.522350 -0.986980 -9.486720 
2.571760 -0.980880 -9.497090 
2.494900 -1.103490 -9.327510 
2.496120 -1.120570 -9.508070 
2.560170 -1.030900 -9.491600 
2.543090 -1.018700 -9.480620 
2.526010 -0.990030 -9.480620 
2.500390 -1.015040 -9.510510 
1.290150 -3.265330 -9.089610 
0.651480 -4.453610 -8.375910 
-0.067100 -5.068490 -8.133130 
-0.785070 -5.832210 -8.105680 
-3.448940 -7.331590 -6.050590 
-4.116890 -7.312070 3.986960 
-0.400160 -3.270820 9.202460 
3.295220 0.497150 10.144910 
3.295830 2.196610 9.111570 
4.016240 3.450770 8.685790 
4.948320 3.949140 7.751880 
7.462130 5.017860 5.685810 
8.517430 5.849290 2.735240 
.785220 6.245790 0.035990 
7.824470 6.110980 -3.137840 
7.603650 5.244780 -4.063820 
6.681940 5.022130 -6.392800 
5.964580 2.181360 -8.014180 
5.436320 0.807030 -8.611980 
3.389770 -2.676680 -9.189040 
1.835490 -4.246210 -8.448500 
-1.096780 -6.678890 -6.844200 
-2.765130 -8.222800 -4.107130 
6.142090 -6.112200 -4.717740 
7.768350 -2.031910 -6.001790 
7.951350 5.619930 -3.850320 
7.884860 6.561160 -1.431670 
7.405400 7.576810 0.251930 
7.430410 8.067250 1.008330 
8.282580 6.365350 2.374120 
8.469240 6.326920 3.505670 
7.917800 6.356810 2.808440 
9.228080 5.341160 1.971520 
9.129260 5.143520 1.369450 
9.139630 5.133150 1.759850 
8.777290 5.106310 1.825120 
8.931010 5.295410 1.679940 
9.226250 5.077640 0.600240 
9.503190 3.339140 -2.804170 
8.117880 6.313500 -1.695190 
6.619110 7.682340 -0.175070 
5.713870 8.579650 2.796850 
3.861910 8.741910 3.725880 
4.127870 8.789490 3.421490 
0.266570 9.472690 4.180330 
0.068320 9.434260 4.151660 
0.015860 10.027180 1.319430 
-0.963800 9.824660 -2.757200 
-2.280180 7.955620 -6.272020 
-3.885700 4.905620 -7.554850 
-8.837680 0.886940 -4.029660 
-9.229910 -1.489010 -1.758020 
-7.376120 -4.701880 -2.521130 
-5.429000 -6.430620 -4.341980 
-1.998360 -7.929390 -4.920260 
3.252520 -8.306370 -4.040640 
8.642480 -5.200860 -2.429020 
9.205510 -3.725270 -2.139880 
9.484890 -2.832230 -1.495110 
9.750850 1.291370 -3.933890 
5.336280 6.395850 -5.231970 
2.667530 8.828530 -4.355400 
1.665300 10.012540 2.509540 
-2.128290 9.718520 2.938980 
-4.688460 7.503610 5.388130 
-6.782590 -2.230770 6.758190 
-6.132940 -1.922110 7.197390 
-5.010540 -2.322270 7.860460 
-3.672200 -4.908060 7.323050 
-1.914180 -6.775880 6.277510 
0.241560 -8.045900 5.220990 
3.694160 -7.934270 4.169350 
6.617280 -6.893610 2.845650 
8.797420 -4.381630 1.808650 
9.468420 -2.486970 -2.104500 
8.901120 -1.784250 -4.889760 
7.459080 -2.461350 -6.087800 
3.285460 -4.607940 -9.558090 
-7.158350 -4.229740 -4.865360 
-8.221580 -3.807010 -0.839360 
-8.673590 -3.221410 3.014010 
2.422920 -3.156750 9.558700 
6.640460 -4.221200 4.944660 
7.102840 -5.187440 4.368210 
8.294170 -5.384470 -2.858460 
-2.618730 -8.331380 -3.221410 
-3.531900 -8.832800 2.953620 
-4.947710 -7.729920 -1.493890 
-5.300290 -7.387710 -3.341580 
-1.826950 3.795420 -8.677860 
-2.235040 7.236430 -7.343180 
2.925560 6.172590 -7.577420 
9.058500 4.786060 2.444270 
6.462340 5.405820 5.655310 
5.845630 6.058520 6.843590 
7.054040 6.132330 3.813720 
0.841190 7.287060 -6.819800 
0.845460 9.394610 -5.210010 
-3.185420 6.728300 -5.774870 
-1.806210 5.690080 -7.008290 
2.836500 5.460110 8.696770 
9.962520 -1.122400 -3.799690 
0.636230 -0.164090 -10.283990 
-7.859850 0.283040 -5.195370 
-2.984120 -8.289900 -3.272650 
4.442020 -7.213860 -5.460720 
3.005470 -7.132120 -5.824280 
6.117690 -7.024150 -2.779160 
8.185590 -4.311480 2.294820 
3.669150 -0.516060 9.054230 
-6.466610 -0.800320 6.346440 
-7.016220 -1.794620 -5.764500 
-2.353380 -2.165500 -9.071310 
1.257210 -3.471510 -8.396040 
4.484720 -5.973730 -5.409480 
5.393010 -7.472500 -3.370860 
4.320020 -8.640040 0.215940 
-1.522560 -7.355990 5.777920 
-5.687030 -4.330390 3.540440 
-6.598370 -6.120130 2.729140 
-8.227680 5.707160 -3.497130 
-3.714290 8.206940 -5.172190 
2.989000 9.582490 -3.330600 
3.125030 9.584930 2.407670 
-2.059360 9.810630 1.996530 
-2.182580 10.029620 -0.264740 
-1.120570 10.792730 0.920490 
-2.626050 8.836460 3.921690 
3.923520 9.263460 1.271850 
2.209420 10.115630 -0.843020 
1.411540 8.730320 -6.156730 
3.006080 3.133570 -9.227470 
-1.632970 -7.190070 -4.999560 
-0.372100 -8.744960 2.934710 
4.292570 -8.433860 -0.295240 
0.270840 -0.045750 9.672160 
-9.722180 0.229360 -0.064050
10.246170 1.568920 0.433710 
0.814960 10.086350 2.147810 
-0.101870 4.098590 -8.998110 
1.892830 4.431040 -8.798640
2.574810 5.033720 -8.232560
9.666060 0.974170 3.554470
-0.108580 0.211670 9.847230
-0.239120 -1.731180 9.602620
-9.726450 0.437980 -0.245830
0.937570 3.533120 -9.254920 
8.515600 -0.083570 -5.615660
0.397720 -1.364570 9.666060 
10.327300 0.563640 -0.669780 
10.183340 -0.186050 -1.640290
0.625860 -2.356430 9.444020 
-9.606280 -1.136430 -0.153110 
-0.534970 -7.198000 -6.312890 
0.333670 -1.584780 -9.626410 
0.082960 -2.144150 9.519050
10.299850 -0.333670 -0.564860
2.931660 2.442440 -9.259190 
3.054270 0.999790 -9.404370 
-0.689300 -3.576430 8.956020
1.378600 -1.600640 9.550160
-1.521950 -0.637450 9.634340 
-3.470290 -0.817400 9.020070 
-5.111800 -0.952210 8.172780 
-7.105890 -1.112640 6.475760 
-9.031050 -1.146800 3.236660
-9.483060 -0.164700 2.107550
0.708210 -0.128100 9.829540 
-0.594140 5.232580 8.552810 
-1.240740 7.808000 6.400120
-1.626870 9.003600 4.562190
-2.167940 9.601400 2.799290 
-0.885720 9.677650 3.300100
0.446520 10.176020 -1.762290
1.161440 8.652240 -5.378370 
1.137650 8.654680 -5.389960 
2.039840 8.326500 -5.658970 
2.546140 6.785640 -7.207150
3.075010 6.145140 -7.529230
10.334620 0.509960 0.434320
9.833200 -0.106140 3.048170
8.862080 -0.525820 5.106920
10.359630 0.401990 0.114070
9.260410 -0.404430 4.440190
6.204920 -1.062010 7.870830
4.972720 -1.221220 8.533900
4.089440 -1.271240 8.951750
2.996930 -1.220610 9.336050
-0.037820 -0.356240 9.794160 
4.327340 -7.729310 4.124820
0.774090 -7.753100 5.540020
0.664900 -7.393200 6.159170
0.317200 -6.803330 6.817360
0.014030 -5.985320 7.505440
-1.104100 -4.028440 8.679690 
-9.617260 0.960140 -0.944280
-9.598350 0.520940 -1.891000 
-7.214470 2.493680 -6.186010
2.377780 4.069920 -8.900510
8.564400 3.236660 -4.739090
8.752890 5.664460 1.215730 
6.838710 7.763470 -1.520730
1.706780 10.254710 -0.461770
3.864960 9.347030 -2.432070
4.872070 9.010920 -2.397910
6.199430 7.938540 -2.723040
7.507270 6.983890 -2.125850
9.847840 3.358050 0.500810 
6.617280 0.486780 7.678680 
-0.606340 -1.236470 9.630070 
1.090680 6.833220 7.444440 
-9.448900 1.022970 2.121580 
4.372480 -3.438570 8.136180
1.607350 -3.701480 8.884650
-4.187040 -0.700890 8.597950 
-7.650620 2.257610 5.715090
-8.192910 2.826130 4.654300
0.108580 3.578260 9.309210 
6.610570 -4.428600 -5.947500 

